NULLPT      5  3  
FAT   0.02 
PUNKTE   97   0.5   16.0  0.25  999  999
PUNKTE   98   0.5   16.0  0.25  999  999
PUNKTE   99   0.25   -0.2  15.2  999  999
FAT   0.01 FONT     Helvetica  
AXIS     -4  -3   
X(CAO)                     15   0   1
Temperature [C]            15    1000.000    2000.000
TEXT   SIO2                    0      2000.000  0.5  0  -0.5  1.5  0
TEXT   CAO                     1      2000.000  0.5  0  -0.5  1.5  0
TEXT                   P = 1 Bar  0.5      2000.000  0.5  0  -0.5  1.5  0
TIELIN      0   
    0.750000   2000.000000    1.000000   2000.000000    0.750000   1635.000000    1.000000   1635.000000    0.750000   1315.000000
    1.000000   1315.000000    0.750000   1155.000000    1.000000   1155.000000    0.750000   1075.000000    1.000000   1075.000000
    0.750000   1035.000000    1.000000   1035.000000    0.750000   1015.000000    1.000000   1015.000000    0.750000   1005.000000
    1.000000   1005.000000    0.750000   1000.000000    1.000000   1000.000000
  999  999  0   
TIELIN      0   
    0.666667   1437.611200    0.750000   1437.611200    0.666667   1431.390400    0.750000   1431.390400    0.666667   1428.280000
    0.750000   1428.280000    0.666667   1411.000000    0.750000   1411.000000    0.666667   1315.000000    0.750000   1315.000000
    0.666667   1155.000000    0.750000   1155.000000    0.666667   1075.000000    0.750000   1075.000000    0.666667   1035.000000
    0.750000   1035.000000    0.666667   1015.000000    0.750000   1015.000000    0.666667   1005.000000    0.750000   1005.000000
    0.666667   1000.000000    0.750000   1000.000000
  999  999  0   
TIELIN      0   
    0.600000   1437.611200    0.666667   1437.611200    0.600000   1431.390400    0.666667   1431.390400    0.600000   1428.280000
    0.666667   1428.280000    0.600000   1411.000000    0.666667   1411.000000    0.600000   1315.000000    0.666667   1315.000000
    0.600000   1155.000000    0.666667   1155.000000    0.600000   1075.000000    0.666667   1075.000000    0.600000   1035.000000
    0.666667   1035.000000    0.600000   1015.000000    0.666667   1015.000000    0.600000   1005.000000    0.666667   1005.000000
    0.600000   1000.000000    0.666667   1000.000000
  999  999  0   
TIELIN      0   
    0.500000   1115.092058    0.600000   1115.092058    0.500000   1114.924096    0.600000   1114.924096    0.500000   1114.644160
    0.600000   1114.644160    0.500000   1114.177600    0.600000   1114.177600    0.500000   1113.400000    0.600000   1113.400000
    0.500000   1099.000000    0.600000   1099.000000    0.500000   1075.000000    0.600000   1075.000000    0.500000   1035.000000
    0.600000   1035.000000    0.500000   1015.000000    0.600000   1015.000000    0.500000   1005.000000    0.600000   1005.000000
    0.500000   1000.000000    0.600000   1000.000000
  999  999  0   
TIELIN      0   
    0.000000   1115.092058    0.500000   1115.092058    0.000000   1114.924096    0.500000   1114.924096    0.000000   1114.644160
    0.500000   1114.644160    0.000000   1114.177600    0.500000   1114.177600    0.000000   1113.400000    0.500000   1113.400000
    0.000000   1099.000000    0.500000   1099.000000    0.000000   1075.000000    0.500000   1075.000000    0.000000   1035.000000
    0.500000   1035.000000    0.000000   1015.000000    0.500000   1015.000000    0.000000   1005.000000    0.500000   1005.000000
    0.000000   1000.000000    0.500000   1000.000000
  999  999  0   
TIELIN      0   
    0.500000   1448.244973    0.600000   1448.244973    0.500000   1447.909050    0.600000   1447.909050    0.500000   1447.349178
    0.600000   1447.349178    0.500000   1446.416058    0.600000   1446.416058    0.500000   1441.232058    0.600000   1441.232058
    0.500000   1432.592058    0.600000   1432.592058    0.500000   1272.592058    0.600000   1272.592058    0.500000   1192.592058
    0.600000   1192.592058    0.500000   1152.592058    0.600000   1152.592058    0.500000   1132.592058    0.600000   1132.592058
    0.500000   1122.592058    0.600000   1122.592058    0.500000   1117.592058    0.600000   1117.592058    0.500000   1116.342058
    0.600000   1116.342058    0.500000   1115.717058    0.600000   1115.717058    0.500000   1115.404558    0.600000   1115.404558
  999  999  0   
TIELIN      0   
    0.000000   1398.424481    0.500000   1398.424481    0.000000   1398.088558    0.500000   1398.088558    0.000000   1377.352558
    0.500000   1377.352558    0.000000   1366.984558    0.500000   1366.984558    0.000000   1349.704558    0.500000   1349.704558
    0.000000   1320.904558    0.500000   1320.904558    0.000000   1272.904558    0.500000   1272.904558    0.000000   1192.904558
    0.500000   1192.904558    0.000000   1152.904558    0.500000   1152.904558    0.000000   1132.904558    0.500000   1132.904558
    0.000000   1122.904558    0.500000   1122.904558    0.000000   1117.904558    0.500000   1117.904558    0.000000   1115.404558
    0.500000   1115.404558
  999  999  0   
TIELIN      0   
    0.497264   1539.624204    0.500000   1539.624204    0.493779   1539.070617    0.500000   1539.070617    0.492621   1538.793824
    0.500000   1538.793824    0.488030   1537.256083    0.500000   1537.256083    0.482828   1534.693182    0.500000   1534.693182
    0.476443   1530.421680    0.500000   1530.421680    0.468296   1523.302510    0.500000   1523.302510    0.450906   1502.668998
    0.500000   1502.668998    0.431350   1472.620323    0.500000   1472.620323    0.410569   1435.924481    0.500000   1435.924481
    0.399668   1415.924481    0.500000   1415.924481    0.394200   1405.924481    0.500000   1405.924481    0.391445   1400.924481
    0.500000   1400.924481    0.390754   1399.674481    0.500000   1399.674481    0.390408   1399.049481    0.500000   1399.049481
    0.390234   1398.736981    0.500000   1398.736981    0.390148   1398.580731    0.500000   1398.580731
  999  999  0   
TIELIN      0   
    0.000000   1460.844891    0.370626   1460.844891    0.000000   1460.378331    0.370781   1460.378331    0.000000   1459.600731
    0.371038   1459.600731    0.000000   1455.280731    0.372464   1455.280731    0.000000   1448.080731    0.374813   1448.080731
    0.000000   1436.080731    0.378656   1436.080731    0.000000   1416.080731    0.384874   1416.080731    0.000000   1406.080731
    0.387900   1406.080731    0.000000   1401.080731    0.389392   1401.080731    0.000000   1398.580731    0.390133   1398.580731
  999  999  0   
TIELIN      0   
    0.000000   1690.287196    0.264568   1690.287196    0.000000   1690.036816    0.264753   1690.036816    0.000000   1685.400151
    0.268115   1685.400151    0.000000   1683.081819    0.269750   1683.081819    0.000000   1679.217932    0.272413   1679.217932
    0.000000   1672.778119    0.276693   1672.778119    0.000000   1662.045099    0.283448   1662.045099    0.000000   1626.883678
    0.303104   1626.883678    0.000000   1585.690727    0.322855   1585.690727    0.000000   1538.344891    0.342682   1538.344891
    0.000000   1498.344891    0.357693   1498.344891    0.000000   1478.344891    0.364714   1478.344891    0.000000   1468.344891
    0.368118   1468.344891    0.000000   1463.344891    0.369794   1463.344891    0.000000   1462.094891    0.370210   1462.094891
    0.000000   1461.469891    0.370418   1461.469891    0.000000   1461.157391    0.370522   1461.157391
  999  999  0   
TIELIN      0   
    0.000000   1734.843196    0.000581   1734.843196    0.000000   1733.547196    0.001076   1733.547196    0.000000   1731.387196
    0.001913   1731.387196    0.000000   1727.787196    0.003345   1727.787196    0.000000   1707.787196    0.012386   1707.787196
    0.000000   1697.787196    0.017948   1697.787196    0.000000   1692.787196    0.021165   1692.787196    0.000000   1691.537196
    0.022031   1691.537196    0.000000   1690.912196    0.022475   1690.912196    0.000000   1690.599696    0.022699   1690.599696
    0.000000   1690.443446    0.022813   1690.443446    0.000000   1690.365321    0.022869   1690.365321
  999  999  0   
TIELIN      0   
    0.101386   1916.569276    0.109539   1916.569276    0.091931   1913.597558    0.120015   1913.597558    0.089269   1912.111698
    0.123187   1912.111698    0.085711   1909.635266    0.127596   1909.635266    0.078308   1902.513725    0.137447   1902.513725
    0.070685   1892.022176    0.148675   1892.022176    0.063342   1878.343053    0.160719   1878.343053    0.056406   1861.585024
    0.173408   1861.585024    0.049914   1841.840821    0.186666   1841.840821    0.043873   1819.189313    0.200446   1819.189313
    0.038278   1793.700025    0.214707   1793.700025    0.032551   1761.980078    0.231138   1761.980078    0.027489   1727.865321
    0.247587   1727.865321    0.024929   1707.865321    0.256752   1707.865321    0.023744   1697.865321    0.261217   1697.865321
    0.023174   1692.865321    0.263423   1692.865321    0.022894   1690.365321    0.264519   1690.365321
  999  999  0   
TIELIN      0   
    0.500000   1539.686204    0.501995   1539.686204    0.500000   1539.524204    0.503577   1539.524204    0.500000   1538.624204
    0.507817   1538.624204    0.500000   1537.124204    0.511838   1537.124204    0.500000   1532.124204    0.519907   1532.124204
    0.500000   1522.124204    0.529801   1522.124204    0.500000   1502.124204    0.542669   1502.124204    0.500000   1471.040130
    0.556379   1471.040130    0.500000   1448.367298    0.564151   1448.367298
  999  999  0   
TIELIN      0   
    0.600000   1461.608973    0.666667   1461.608973    0.600000   1461.284973    0.666667   1461.284973    0.600000   1460.744973
    0.666667   1460.744973    0.600000   1450.744973    0.666667   1450.744973    0.600000   1445.744973    0.666667   1445.744973
    0.600000   1440.744973    0.666667   1440.744973    0.600000   1438.244973    0.666667   1438.244973    0.600000   1437.932473
    0.666667   1437.932473
  999  999  0   
TIELIN      0   
    0.666667   2000.000000    0.750000   2000.000000    0.666667   1755.432473    0.750000   1755.432473    0.666667   1595.432473
    0.750000   1595.432473    0.666667   1515.432473    0.750000   1515.432473    0.666667   1475.432473    0.750000   1475.432473
    0.666667   1455.432473    0.750000   1455.432473    0.666667   1445.432473    0.750000   1445.432473    0.666667   1440.432473
    0.750000   1440.432473    0.666667   1437.932473    0.750000   1437.932473
  999  999  0   
TIELIN      0   
    0.610346   2000.000000    0.666667   2000.000000    0.610040   1997.500000    0.666667   1997.500000    0.609436   1992.500000
    0.666667   1992.500000    0.608251   1982.500000    0.666667   1982.500000    0.605973   1962.500000    0.666667   1962.500000
    0.601737   1922.500000    0.666667   1922.500000    0.594292   1842.500000    0.666667   1842.500000    0.582329   1682.500000
    0.666667   1682.500000    0.574480   1548.755130    0.666667   1548.755130    0.571143   1481.882695    0.666667   1481.882695
    0.570365   1465.164586    0.666667   1465.164586    0.570270   1463.074823    0.666667   1463.074823    0.570222   1462.029941
    0.666667   1462.029941    0.570210   1461.768720    0.666667   1461.768720
  999  999  0   
TIELIN      0   
    0.570188   1461.690595    0.600000   1461.690595    0.570150   1461.612470    0.600000   1461.612470    0.570073   1461.456220
    0.600000   1461.456220    0.569920   1461.143720    0.600000   1461.143720    0.569617   1460.518720    0.600000   1460.518720
    0.569018   1459.268720    0.600000   1459.268720    0.566721   1454.268720    0.600000   1454.268720    0.564561   1449.268720
    0.600000   1449.268720    0.564300   1448.643720    0.600000   1448.643720    0.564169   1448.331220    0.600000   1448.331220
  999  999  0   
PUNKTE    -1   0.1   1.00000  1000.00  999  999  
TEXT    Lime       1.00000  1000.00 0.20  -0.5  -1  0.5  0
PUNKTE    -1   0.1   0.75000  1000.00  999  999  
TEXT    3Ca1Si     0.75000  1000.00 0.20  0.5  0  0.5  0
PUNKTE    -1   0.1   0.66667  1000.00  999  999  
TEXT    a'-Larn    0.66667  1000.00 0.20  0.5  0  0.5  0
PUNKTE    -1   0.1   0.66667  1437.93  999  999  
TEXT    a-Larn     0.66667  1437.93 0.20  0.5  0  0.5  0
PUNKTE    -1   0.1   0.60000  1000.00  999  999  
TEXT    Rank       0.60000  1000.00 0.20  0.5  0  0.5  0
PUNKTE    -1   0.1   0.50000  1000.00  999  999  
TEXT    Woll       0.50000  1000.00 0.20  0.5  0  0.5  0
PUNKTE    -1   0.1   0.50000  1115.40  999  999  
TEXT    ps-Woll    0.50000  1115.40 0.20  0.5  0  0.5  0
PUNKTE    -1   0.1   0.00000  1000.00  999  999  
TEXT    b-Trid     0.00000  1000.00 0.20  0.5  0  0.5  0
PUNKTE    -1   0.1   0.00000  1461.16  999  999  
TEXT    b-Crist    0.00000  1461.16 0.20  0.5  0  0.5  0
ACHSEN   0   10   10   0  10   0  10
NPLOIG


      0.00     10.00       0.0      10.0   10.0000   10.0000  0  0
    5    0    0    0    0    0
     15.00    -2.000 0.2000000    0.0000    005.03.2023 - 22:11:18  CPU time:    0h 00m 00.17s
     16.50     15.00 0.2000000    0.0000    0                                                                                
     16.50     14.65 0.2000000    0.0000    0therbin version: 2023.03.06                                                     
     16.50     14.30 0.2000000    0.0000    0database: sialca                                                                
     16.50     13.95 0.2000000    0.0000    0*LIQUID: ideal+margules                                                         

FERTIG  
