NULLPT      5  5  
FAT   0.02 
PUNKTE   97   0.5   16.5  5.25  999  999
PUNKTE   98   0.5   16.5  5.25  999  999
FAT   0.01 
SEITE      15   
FONT     Helvetica  
PSYM          T = 1470.00 [C]  16  9  0  0.5  0  0  0  0
PSYM            P = 1.0 [Bar]  16  9  0  0.5  0  0  -2  0
ECKEN   AL2O3               CAO                 SIO2                 0.5  0.5  
TIELIN      1   
    0.207652    0.597132    0.195216  
    0.250000    0.500000    0.250000  
    0.209492    0.596891    0.193617  
    0.250000    0.500000    0.250000  
    0.224595    0.594777    0.180628  
    0.250000    0.500000    0.250000  
    0.239702    0.592411    0.167887  
    0.250000    0.500000    0.250000  
    0.254865    0.589723    0.155411  
    0.250000    0.500000    0.250000  
    0.270073    0.586606    0.143321  
    0.250000    0.500000    0.250000  
    0.285301    0.582899    0.131800  
    0.250000    0.500000    0.250000  
    0.300511    0.578392    0.121096  
    0.250000    0.500000    0.250000  
    0.315649    0.572841    0.111510  
    0.250000    0.500000    0.250000  
    0.330646    0.565987    0.103367  
    0.250000    0.500000    0.250000  
    0.337995    0.562040    0.099966  
    0.250000    0.500000    0.250000  
  999 999 0   
LINIEN    0  0  0  0  
      0.250000    0.500000    0.250000
      0.207652    0.597132    0.195216
      0.000000    0.666667    0.333333
      0.250000    0.500000    0.250000
  999  999  0  
LINIEN    0  0  0  0  
      0.500000    0.500000    0.000000
      0.337995    0.562040    0.099966
      0.250000    0.500000    0.250000
      0.500000    0.500000    0.000000
  999  999  0  
TIELIN      1   
    0.337995    0.562040    0.099966  
    0.500000    0.500000    0.000000  
    0.338755    0.563486    0.097760  
    0.500000    0.500000    0.000000  
    0.345248    0.573391    0.081361  
    0.500000    0.500000    0.000000  
    0.352891    0.582498    0.064611  
    0.500000    0.500000    0.000000  
    0.360962    0.590954    0.048084  
    0.500000    0.500000    0.000000  
    0.369205    0.599104    0.031690  
    0.500000    0.500000    0.000000  
    0.377470    0.607177    0.015354  
    0.500000    0.500000    0.000000  
    0.385165    0.614835    0.000000  
    0.500000    0.500000    0.000000  
  999 999 0   
TIELIN      1   
    0.328053    0.385679    0.286268  
    0.250000    0.500000    0.250000  
    0.326198    0.385816    0.287986  
    0.250000    0.500000    0.250000  
    0.311288    0.387235    0.301477  
    0.250000    0.500000    0.250000  
    0.296230    0.389275    0.314495  
    0.250000    0.500000    0.250000  
    0.280970    0.392045    0.326985  
    0.250000    0.500000    0.250000  
    0.265515    0.395691    0.338794  
    0.250000    0.500000    0.250000  
    0.249896    0.400387    0.349717  
    0.250000    0.500000    0.250000  
    0.234176    0.406318    0.359506  
    0.250000    0.500000    0.250000  
    0.218455    0.413643    0.367902  
    0.250000    0.500000    0.250000  
    0.202872    0.422454    0.374674  
    0.250000    0.500000    0.250000  
    0.187588    0.432739    0.379673  
    0.250000    0.500000    0.250000  
    0.172766    0.444373    0.382861  
    0.250000    0.500000    0.250000  
    0.158547    0.457155    0.384298  
    0.250000    0.500000    0.250000  
    0.145047    0.470857    0.384096  
    0.250000    0.500000    0.250000  
    0.132374    0.485274    0.382352  
    0.250000    0.500000    0.250000  
    0.120670    0.500232    0.379099  
    0.250000    0.500000    0.250000  
    0.110148    0.515575    0.374277  
    0.250000    0.500000    0.250000  
    0.101152    0.531133    0.367714  
    0.250000    0.500000    0.250000  
    0.094206    0.546661    0.359133  
    0.250000    0.500000    0.250000  
    0.092425    0.551915    0.355660  
    0.250000    0.500000    0.250000  
  999 999 0   
LINIEN    0  0  0  0  
      0.666667    0.333333    0.000000
      0.500000    0.500000    0.000000
      0.250000    0.500000    0.250000
      0.666667    0.333333    0.000000
  999  999  0  
LINIEN    0  0  0  0  
      0.250000    0.500000    0.250000
      0.328053    0.385679    0.286268
      0.666667    0.333333    0.000000
      0.250000    0.500000    0.250000
  999  999  0  
LINIEN    0  0  0  0  
      0.000000    0.666667    0.333333
      0.092425    0.551915    0.355660
      0.250000    0.500000    0.250000
      0.000000    0.666667    0.333333
  999  999  0  
TIELIN      1   
    0.092425    0.551915    0.355660  
    0.000000    0.666667    0.333333  
    0.090633    0.551871    0.357495  
    0.000000    0.666667    0.333333  
    0.076231    0.552141    0.371628  
    0.000000    0.666667    0.333333  
    0.061329    0.553567    0.385104  
    0.000000    0.666667    0.333333  
    0.046024    0.556203    0.397773  
    0.000000    0.666667    0.333333  
    0.030402    0.560057    0.409541  
    0.000000    0.666667    0.333333  
    0.014564    0.565076    0.420360  
    0.000000    0.666667    0.333333  
    0.000000    0.570588    0.429412  
    0.000000    0.666667    0.333333  
  999 999 0   
TIELIN      1   
    0.329026    0.383545    0.287430  
    0.666667    0.333333    0.000000  
    0.328966    0.383674    0.287360  
    0.666667    0.333333    0.000000  
    0.328053    0.385679    0.286268  
    0.666667    0.333333    0.000000  
  999 999 0   
LINIEN    0  0  0  0  
      0.666667    0.333333    0.000000
      0.329026    0.383545    0.287430
      0.857143    0.142857    0.000000
      0.666667    0.333333    0.000000
  999  999  0  
TIELIN      1   
    0.294245    0.320658    0.385098  
    0.857143    0.142857    0.000000  
    0.294388    0.321041    0.384571  
    0.857143    0.142857    0.000000  
    0.298783    0.332273    0.368943  
    0.857143    0.142857    0.000000  
    0.303532    0.343184    0.353284  
    0.857143    0.142857    0.000000  
    0.308731    0.353688    0.337581  
    0.857143    0.142857    0.000000  
    0.314464    0.363707    0.321829  
    0.857143    0.142857    0.000000  
    0.320792    0.373174    0.306034  
    0.857143    0.142857    0.000000  
    0.327951    0.382296    0.289752  
    0.857143    0.142857    0.000000  
    0.329026    0.383545    0.287430  
    0.857143    0.142857    0.000000  
  999 999 0   
LINIEN    0  0  0  0  
      0.857143    0.142857    0.000000
      0.294245    0.320658    0.385098
      0.250000    0.250000    0.500000
      0.857143    0.142857    0.000000
  999  999  0  
TIELIN      1   
    0.198726    0.162355    0.638918  
    0.250000    0.250000    0.500000  
    0.196231    0.162893    0.640876  
    0.250000    0.250000    0.500000  
    0.179375    0.172876    0.647749  
    0.250000    0.250000    0.500000  
    0.170153    0.187945    0.641903  
    0.250000    0.250000    0.500000  
    0.164860    0.203953    0.631187  
    0.250000    0.250000    0.500000  
    0.161367    0.220579    0.618054  
    0.250000    0.250000    0.500000  
    0.159179    0.236226    0.604595  
    0.250000    0.250000    0.500000  
    0.157860    0.251292    0.590847  
    0.250000    0.250000    0.500000  
    0.157317    0.265907    0.576775  
    0.250000    0.250000    0.500000  
    0.157620    0.280037    0.562343  
    0.250000    0.250000    0.500000  
    0.158952    0.293533    0.547514  
    0.250000    0.250000    0.500000  
    0.161601    0.306126    0.532273  
    0.250000    0.250000    0.500000  
    0.165927    0.317413    0.516660  
    0.250000    0.250000    0.500000  
    0.172285    0.326890    0.500825  
    0.250000    0.250000    0.500000  
    0.180880    0.334071    0.485050  
    0.250000    0.250000    0.500000  
    0.191618    0.338679    0.469703  
    0.250000    0.250000    0.500000  
    0.204107    0.340777    0.455116  
    0.250000    0.250000    0.500000  
    0.217832    0.340707    0.441461  
    0.250000    0.250000    0.500000  
    0.232354    0.338903    0.428743  
    0.250000    0.250000    0.500000  
    0.247374    0.335754    0.416872  
    0.250000    0.250000    0.500000  
    0.262709    0.331555    0.405736  
    0.250000    0.250000    0.500000  
    0.278246    0.326517    0.395237  
    0.250000    0.250000    0.500000  
    0.293913    0.320785    0.385301  
    0.250000    0.250000    0.500000  
    0.294245    0.320658    0.385098  
    0.250000    0.250000    0.500000  
  999 999 0   
LINIEN    0  0  0  0  
      0.250000    0.250000    0.500000
      1.000000    0.000000    0.000000
      0.857143    0.142857    0.000000
      0.250000    0.250000    0.500000
  999  999  0  
LINIEN    0  0  0  0  
      0.250000    0.250000    0.500000
      0.198726    0.162355    0.638918
      1.000000    0.000000    0.000000
      0.250000    0.250000    0.500000
  999  999  0  
TIELIN      1   
    0.083815    0.000000    0.916185  
    1.000000    0.000000    0.000000  
    0.089815    0.007503    0.902682  
    1.000000    0.000000    0.000000  
    0.097054    0.016627    0.886319  
    1.000000    0.000000    0.000000  
    0.104255    0.025796    0.869949  
    1.000000    0.000000    0.000000  
    0.111409    0.035015    0.853576  
    1.000000    0.000000    0.000000  
    0.118509    0.044289    0.837202  
    1.000000    0.000000    0.000000  
    0.125549    0.053622    0.820828  
    1.000000    0.000000    0.000000  
    0.132524    0.063018    0.804458  
    1.000000    0.000000    0.000000  
    0.139428    0.072480    0.788092  
    1.000000    0.000000    0.000000  
    0.146257    0.082011    0.771732  
    1.000000    0.000000    0.000000  
    0.153006    0.091612    0.755381  
    1.000000    0.000000    0.000000  
    0.159673    0.101287    0.739040  
    1.000000    0.000000    0.000000  
    0.166254    0.111035    0.722711  
    1.000000    0.000000    0.000000  
    0.172748    0.120857    0.706395  
    1.000000    0.000000    0.000000  
    0.179152    0.130753    0.690095  
    1.000000    0.000000    0.000000  
    0.185467    0.140722    0.673811  
    1.000000    0.000000    0.000000  
    0.191693    0.150761    0.657546  
    1.000000    0.000000    0.000000  
    0.197744    0.160719    0.641537  
    1.000000    0.000000    0.000000  
    0.198726    0.162355    0.638918  
    1.000000    0.000000    0.000000  
  999 999 0   
TIELIN      1   
    0.188571    0.686752    0.124677  
    0.000000    0.666667    0.333333  
    0.191884    0.685234    0.122883  
    0.000000    0.666667    0.333333  
    0.202972    0.679121    0.117907  
    0.000000    0.666667    0.333333  
    0.217483    0.666729    0.115789  
    0.000000    0.666667    0.333333  
    0.226214    0.651563    0.122223  
    0.000000    0.666667    0.333333  
    0.228272    0.638253    0.133475  
    0.000000    0.666667    0.333333  
    0.226495    0.626632    0.146874  
    0.000000    0.666667    0.333333  
    0.222304    0.616362    0.161335  
    0.000000    0.666667    0.333333  
    0.216470    0.607198    0.176332  
    0.000000    0.666667    0.333333  
    0.208975    0.598467    0.192558  
    0.000000    0.666667    0.333333  
    0.207652    0.597132    0.195216  
    0.000000    0.666667    0.333333  
  999 999 0   
LINIEN    0  0  0  0  
      0.000000    0.666667    0.333333
      0.188571    0.686752    0.124677
      0.000000    0.750000    0.250000
      0.000000    0.666667    0.333333
  999  999  0  
TIELIN      1   
    0.206752    0.690975    0.102273  
    0.000000    0.750000    0.250000  
    0.204420    0.690307    0.105273  
    0.000000    0.750000    0.250000  
    0.191985    0.687406    0.120609  
    0.000000    0.750000    0.250000  
    0.188571    0.686752    0.124677  
    0.000000    0.750000    0.250000  
  999 999 0   
LINIEN    0  0  0  0  
      0.000000    0.750000    0.250000
      0.206752    0.690975    0.102273
      0.250000    0.750000    0.000000
      0.000000    0.750000    0.250000
  999  999  0  
TIELIN      1   
    0.321338    0.678662    0.000000  
    0.250000    0.750000    0.000000  
    0.314448    0.679186    0.006366  
    0.250000    0.750000    0.000000  
    0.299803    0.680465    0.019732  
    0.250000    0.750000    0.000000  
    0.285023    0.681933    0.033044  
    0.250000    0.750000    0.000000  
    0.270158    0.683532    0.046310  
    0.250000    0.750000    0.000000  
    0.255245    0.685213    0.059542  
    0.250000    0.750000    0.000000  
    0.240306    0.686943    0.072750  
    0.250000    0.750000    0.000000  
    0.225337    0.688711    0.085952  
    0.250000    0.750000    0.000000  
    0.209455    0.690639    0.099907  
    0.250000    0.750000    0.000000  
    0.206752    0.690975    0.102273  
    0.250000    0.750000    0.000000  
  999 999 0   
LINIEN    0  0  0  0  
      0.250000    0.750000    0.000000
      0.000000    1.000000    0.000000
      0.000000    0.750000    0.250000
      0.250000    0.750000    0.000000
  999  999  0  
TIELIN      1   
    0.000000    0.556767    0.443233  
    0.000000    0.500000    0.500000  
    0.013609    0.541320    0.445071  
    0.000000    0.500000    0.500000  
    0.025838    0.525448    0.448714  
    0.000000    0.500000    0.500000  
    0.036187    0.509428    0.454386  
    0.000000    0.500000    0.500000  
    0.044189    0.493669    0.462142  
    0.000000    0.500000    0.500000  
    0.049548    0.478606    0.471846  
    0.000000    0.500000    0.500000  
    0.052177    0.464602    0.483221  
    0.000000    0.500000    0.500000  
    0.052129    0.451943    0.495928  
    0.000000    0.500000    0.500000  
    0.049499    0.440905    0.509597  
    0.000000    0.500000    0.500000  
    0.044341    0.431853    0.523806  
    0.000000    0.500000    0.500000  
    0.036625    0.425370    0.538005  
    0.000000    0.500000    0.500000  
    0.026257    0.422375    0.551368  
    0.000000    0.500000    0.500000  
    0.013291    0.423998    0.562711  
    0.000000    0.500000    0.500000  
    0.000000    0.429794    0.570206  
    0.000000    0.500000    0.500000  
  999 999 0   
TIELIN      1   
    0.000000    0.367559    0.632441  
    0.000000    0.000000    1.000000  
    0.009643    0.349632    0.640724  
    0.000000    0.000000    1.000000  
    0.018396    0.332899    0.648704  
    0.000000    0.000000    1.000000  
    0.026908    0.316251    0.656842  
    0.000000    0.000000    1.000000  
    0.035225    0.299664    0.665110  
    0.000000    0.000000    1.000000  
    0.043382    0.283123    0.673495  
    0.000000    0.000000    1.000000  
    0.051396    0.266598    0.682006  
    0.000000    0.000000    1.000000  
    0.059262    0.250050    0.690687  
    0.000000    0.000000    1.000000  
    0.066936    0.233428    0.699636  
    0.000000    0.000000    1.000000  
    0.074314    0.216665    0.709022  
    0.000000    0.000000    1.000000  
    0.081200    0.199679    0.719121  
    0.000000    0.000000    1.000000  
    0.087274    0.182382    0.730345  
    0.000000    0.000000    1.000000  
    0.091591    0.166695    0.741714  
    0.000000    0.000000    1.000000  
    0.094305    0.151602    0.754093  
    0.000000    0.000000    1.000000  
    0.095255    0.137357    0.767388  
    0.000000    0.000000    1.000000  
    0.094986    0.129027    0.775987  
    0.000000    0.000000    1.000000  
    0.094184    0.121496    0.784319  
    0.000000    0.000000    1.000000  
  999 999 0   
LINIEN    0  0  0  0  
      0.050365    0.021391    0.928244
      0.094184    0.121496    0.784319
      0.000000    0.000000    1.000000
      0.050365    0.021391    0.928244
  999  999  0  
TIELIN      1   
    0.094184    0.121496    0.784319  
    0.050365    0.021391    0.928244  
    0.094919    0.119576    0.785506  
    0.051515    0.021785    0.926700  
    0.100821    0.103425    0.795754  
    0.062154    0.025685    0.912161  
    0.105757    0.087350    0.806892  
    0.074538    0.030955    0.894507  
    0.108054    0.075562    0.816384  
    0.084642    0.036150    0.879208  
    0.108308    0.066421    0.825271  
    0.092729    0.041352    0.865918  
    0.106550    0.058151    0.835299  
    0.099665    0.047367    0.852968  
    0.105523    0.055712    0.838765  
    0.101513    0.049459    0.849027  
  999 999 0   
TIELIN      1   
    0.050365    0.021391    0.928244  
    0.000000    0.000000    1.000000  
    0.049200    0.018491    0.932309  
    0.000000    0.000000    1.000000  
    0.044997    0.006319    0.948684  
    0.000000    0.000000    1.000000  
    0.043253    0.000000    0.956747  
    0.000000    0.000000    1.000000  
  999 999 0   
PUNKTE    -1   0.1    0.000000    2.000000    1.000000    999  999  0
TEXT    a-Larn                  0.000000  2.000000  1.000000 0.20  0.5  0  -0.5  0
PUNKTE    -1   0.1    1.000000    2.000000    1.000000    999  999  0
TEXT    Gehl                    1.000000  2.000000  1.000000 0.20  0.5  0  -0.5  0
PUNKTE    -1   0.1    1.000000    1.000000    0.000000    999  999  0
TEXT    1Ca1Al                  1.000000  1.000000  0.000000 0.20  -0.5  -1  -1.0  30
PUNKTE    -1   0.1    2.000000    1.000000    0.000000    999  999  0
TEXT    1Ca2Al                  2.000000  1.000000  0.000000 0.20  -0.5  -1  -1.0  30
PUNKTE    -1   0.1    6.000000    1.000000    0.000000    999  999  0
TEXT    1Ca6Al                  6.000000  1.000000  0.000000 0.20  -0.5  -1  -1.0  30
PUNKTE    -1   0.1    1.000000    1.000000    2.000000    999  999  0
TEXT    Anor                    1.000000  1.000000  2.000000 0.20  0.5  0  -0.5  0
PUNKTE    -1   0.1    1.000000    0.000000    0.000000    999  999  0
TEXT    Cor                     1.000000  0.000000  0.000000 0.20  -0.5  -1  -0.5  0
PUNKTE    -1   0.1    0.000000    3.000000    1.000000    999  999  0
TEXT    3Ca1Si                  0.000000  3.000000  1.000000 0.20  0.5  0  -0.5  0
PUNKTE    -1   0.1    1.000000    3.000000    0.000000    999  999  0
TEXT    3Ca1Al                  1.000000  3.000000  0.000000 0.20  -0.5  -1  -1.0  30
PUNKTE    -1   0.1    0.000000    1.000000    0.000000    999  999  0
TEXT    Lime                    0.000000  1.000000  0.000000 0.20  0.5  0  -0.5  0
PUNKTE    -1   0.1    0.000000    1.000000    1.000000    999  999  0
TEXT    ps-Woll                 0.000000  1.000000  1.000000 0.20  0.5  0  -0.5  0
PUNKTE    -1   0.1    0.000000    0.000000    1.000000    999  999  0
TEXT    b-Crist                 0.000000  0.000000  1.000000 0.20  0.5  0  -0.5  0
ACHSEN   0   10   10   0  10   0  10
NPLOIG


      0.00     10.00       0.0      10.0   10.0000   10.0000  0  0
    5    0    0    0    0    0
     16.00     4.000 0.2000000    0.0000    024.06.2020 - 11:03:20  CPU time:    0h 00m 01.22s
     16.00     15.00 0.2000000    0.0000    0                                                                                
     16.00     14.65 0.2000000    0.0000    0therter version: 09.03.2019                                                     
     16.00     14.30 0.2000000    0.0000    0database: sialca                                                                
     16.00     13.95 0.2000000    0.0000    0*LIQUID: ideal+margules                                                         

FERTIG  
