NULLPT    5   3
FONT      Helvetica 
FAT   0.02
PUNKTE   97  0.5   16.0000  0.25  999  999 
FAT   0.02
PUNKTE   98  0.5   16.0000  0.25  999  999 
FAT   0.015
NPLOG2  
L:Temperature [C]                                                               
Pressure [Bar]                                                                  
  8.000000000000E+02  2.000000000000E+03  1.000000000000E+00  6.000100000000E+04   15.0000   15.0000  0  0
   14    0    0    0    0    0
  8.000000000000E+02  6.320100000000E+04 0.2000000    0.0000    0Bulk(1)= NA(0.5)CA(2.821)K(0.02)FE(5.879)MG(50.51)AL(3.548)SI(38.451)TI(0.1)CR(0.218)O(?)O(0.096)                                                     
  2.000000000000E+03 -7.999000000000E+03 0.2000000    0.0000    008.12.2022 - 17:12:37  CPU time:    2h 08m 38.96s                                                                                                     
  2.120000000000E+03  6.000100000000E+04 0.2000000    0.0000    0KLB-1 H-free tc-ig50 ex                                                                                                                               
  2.120000000000E+03  5.860100000000E+04 0.2000000    0.0000    0domino version: 07.12.2022-0xmain                                                                                                                     
  2.120000000000E+03  5.720100000000E+04 0.2000000    0.0000    0database: td-ds633-ig50-01.txt                                                                                                                        
  2.120000000000E+03  5.580100000000E+04 0.2000000    0.0000    0LIQH18: external+margules                                                                                                                             
  2.120000000000E+03  5.440100000000E+04 0.2000000    0.0000    0FSP4TR: site mixing+margules                                                                                                                          
  2.120000000000E+03  5.300100000000E+04 0.2000000    0.0000    0OL: site mixing+margules                                                                                                                              
  2.120000000000E+03  5.160100000000E+04 0.2000000    0.0000    0GRT: site mixing+margules                                                                                                                             
  2.120000000000E+03  5.020100000000E+04 0.2000000    0.0000    0CRD: site mixing+margules                                                                                                                             
  2.120000000000E+03  4.880100000000E+04 0.2000000    0.0000    0OPX: site mixing+margules                                                                                                                             
  2.120000000000E+03  4.740100000000E+04 0.2000000    0.0000    0CPX: site mixing+margules                                                                                                                             
  2.120000000000E+03  4.600100000000E+04 0.2000000    0.0000    0SPN: site mixing+margules                                                                                                                             
  2.120000000000E+03  4.460100000000E+04 0.2000000    0.0000    0ILM00: site mixing+margules                                                                                                                           
    1    0    0    0    0    0
  8.980001653828E+02  1.062325131084E+03 0.1440000   89.6640    11                                                                                                   
   -1    8    0    0    0    0
  8.851953125000E+02  1.000000000000E+00 3  8.900000000000E+02  7.217031250000E+02 2  8.916625096434E+02  1.005182333434E+03 2  8.945703125000E+02  1.501000000000E+03 3  8.952051081693E+02  1.627959133861E+03 3  9.020703125000E+02  3.001000000000E+03 2  9.034765625000E+02  3.376000000000E+03 2
  9.050000000000E+02  3.733421875000E+03 2
   -1    4    0    0    0    0
  9.125000000000E+02  3.709984375000E+03 3  9.142578125000E+02  3.563500000000E+03 2  9.162500000000E+02  3.405296875000E+03 2  9.166015625000E+02  3.376000000000E+03 2
    1    0    0    0    0    0
  9.183458517922E+02  1.028377034035E+03 0.1440000   89.7851    13                                                                                                   
   -1    7    0    0    0    0
  9.086328125000E+02  1.000000000000E+00 3  9.121537570145E+02  9.399185372112E+02 2  9.142578125000E+02  1.501000000000E+03 3  9.145222845056E+02  1.631201602770E+03 3  9.173046875000E+02  3.001000000000E+03 2  9.175390625000E+02  3.188500000000E+03 2  9.177734375000E+02  3.282250000000E+03 2
    1    0    0    0    0    0
  9.612518677706E+02  1.714145101363E+03 0.1440000  -88.0101    14                                                                                                   
   -1    8    0    0    0    0
  1.030273437500E+03  1.000000000000E+00 3  9.800000000000E+02  1.506859375000E+03 2  9.738486641570E+02  1.683901207952E+03 2  9.616293697154E+02  2.035585190189E+03 3  9.280859375000E+02  3.001000000000E+03 2  9.200000000000E+02  3.229515625000E+03 2  9.181250000000E+02  3.276390625000E+03 2
  9.180078125000E+02  3.282250000000E+03 2
    1    0    0    0    0    0
  1.146863616068E+03  1.457584901230E+03 0.1440000   89.3107    15                                                                                                   
   -1    9    0    0    0    0
  1.115820312500E+03  1.000000000000E+00 3  1.130000000000E+03  8.037343750000E+02 2  1.140403889125E+03  1.483988663956E+03 2  1.140664062500E+03  1.501000000000E+03 3  1.147650147973E+03  2.081661649715E+03 3  1.158710937500E+03  3.001000000000E+03 2  1.160000000000E+03  3.135765625000E+03 2
  1.165742187500E+03  3.751000000000E+03 2  1.167500000000E+03  3.956078125000E+03 2
   -1    5    0    0    0    0
  1.183085937500E+03  1.000000000000E+00 3  1.190000000000E+03  3.701406250000E+02 2  1.196445312500E+03  7.510000000000E+02 2  1.197500000000E+03  8.037343750000E+02 2  1.199726562500E+03  9.385000000000E+02 2
   -1    8    0    0    0    0
  1.203476562500E+03  1.000000000000E+00 3  1.205000000000E+03  1.826406250000E+02 2  1.209804687500E+03  7.510000000000E+02 2  1.212500000000E+03  1.073265625000E+03 2  1.212851562500E+03  1.126000000000E+03 2  1.214257812500E+03  1.313500000000E+03 2  1.214375000000E+03  1.319359375000E+03 2
  1.214960937500E+03  1.407250000000E+03 2
    4    0    0    0    0    0
  1.340378802283E+03  2.898105114257E+03 0.1200000   88.0206    6LIQH18                                                                                              
  1.382533263046E+03  4.117828615758E+03 0.1200000   88.0206    2OL                                                                                                  
  1.400788807248E+03  4.657616715694E+03 0.1200000   88.2670    3OPX                                                                                                 
  1.427221652098E+03  5.531244638704E+03 0.1200000   88.2670    3SPN                                                                                                 
    3    0    0    0    0    0
  1.362965228972E+03  2.553393282288E+03 0.1200000   88.0206    6LIQH18                                                                                              
  1.405857543389E+03  3.789443698702E+03 0.1200000   88.2670    2OL                                                                                                  
  1.423745098160E+03  4.380642542819E+03 0.1200000   88.2670    3SPN                                                                                                 
   -1   17    0    0    0    0
  1.221992187500E+03  1.000000000000E+00 3  1.250000000000E+03  5.693593750000E+02 2  1.280000000000E+03  1.225609375000E+03 2  1.340000000000E+03  2.690453125000E+03 2  1.351601562500E+03  3.001000000000E+03 2  1.400000000000E+03  4.401390625000E+03 2  1.448398437500E+03  6.001000000000E+03 2
  1.520000000000E+03  8.807640625000E+03 2  1.524570312500E+03  9.001000000000E+03 2  1.580000000000E+03  1.169045312500E+04 2  1.585742187500E+03  1.200100000000E+04 2  1.610000000000E+03  1.336623437500E+04 2  1.612226562500E+03  1.350100000000E+04 2  1.624648437500E+03  1.425100000000E+04 2
  1.625000000000E+03  1.428029687500E+04 2  1.630507812500E+03  1.462600000000E+04 2  1.630625000000E+03  1.463185937500E+04 2
    3    0    0    0    0    0
  1.542640417015E+03  3.938334631373E+03 0.1200000   89.4923    6LIQH18                                                                                              
  1.562288296329E+03  6.161354607061E+03 0.1200000   89.5260    2OL                                                                                                  
  1.570484887412E+03  7.152044946673E+03 0.1200000   89.5260    3SPN                                                                                                 
    2    0    0    0    0    0
  1.564809871244E+03  4.307321613807E+03 0.1200000   89.4923    6LIQH18                                                                                              
  1.584267894916E+03  6.557720927644E+03 0.1200000   89.5260    2OL                                                                                                  
   -1   10    0    0    0    0
  1.511445312500E+03  1.000000000000E+00 3  1.520000000000E+03  9.092031250000E+02 2  1.565117187500E+03  6.001000000000E+03 2  1.580000000000E+03  7.799828125000E+03 2  1.589492187500E+03  9.001000000000E+03 2  1.612226562500E+03  1.200100000000E+04 2  1.623476562500E+03  1.350100000000E+04 2
  1.625000000000E+03  1.375295312500E+04 2  1.628632812500E+03  1.425100000000E+04 2  1.631210937500E+03  1.462600000000E+04 2
    2    0    0    0    0    0
  1.901484543445E+03  2.472089586586E+04 0.1200000   89.8568    6LIQH18                                                                                              
  1.907525542765E+03  2.713729559350E+04 0.1200000   89.8568    2OL                                                                                                  
    1    0    0    0    0    0
  1.919992286445E+03  2.515820237107E+04 0.1200000   89.8568    6LIQH18                                                                                              
   -1   12    0    0    0    0
  1.805585937500E+03  1.000000000000E+00 3  1.837695312500E+03  6.001000000000E+03 2  1.863945312500E+03  1.200100000000E+04 2  1.880000000000E+03  1.635451562500E+04 2  1.885507812500E+03  1.800100000000E+04 2  1.903554687500E+03  2.400100000000E+04 2  1.918554687500E+03  3.000100000000E+04 2
  1.930976562500E+03  3.600100000000E+04 2  1.941757812500E+03  4.200100000000E+04 2  1.950664062500E+03  4.800100000000E+04 2  1.958164062500E+03  5.400100000000E+04 2  1.964726562500E+03  6.000100000000E+04 2
    1    0    0    0    0    0
  8.833185443700E+02  5.132594267969E+03 0.1440000   89.9284    211                                                                                                  
   -1   24    0    0    0    0
  8.956250000000E+02  4.506859375000E+03 3  8.937500000000E+02  4.553734375000E+03 2  8.900000000000E+02  4.682640625000E+03 2  8.844921875000E+02  4.876000000000E+03 2  8.808350915140E+02  5.063379058922E+03 2  8.776953125000E+02  5.251000000000E+03 3  8.781640625000E+02  5.626000000000E+03 3
  8.825000000000E+02  5.842796875000E+03 3  8.852071137422E+02  5.927787655277E+03 3  8.875390625000E+02  6.001000000000E+03 2  8.900000000000E+02  6.065453125000E+03 2  9.050000000000E+02  6.358421875000E+03 2  9.058203125000E+02  6.376000000000E+03 2  9.125000000000E+02  6.475609375000E+03 2
  9.162500000000E+02  6.534203125000E+03 2  9.182421875000E+02  6.563500000000E+03 2  9.200000000000E+02  6.592796875000E+03 2  9.229296875000E+02  6.563500000000E+03 2  9.231640625000E+02  6.376000000000E+03 2  9.226953125000E+02  6.001000000000E+03 2  9.200000000000E+02  5.409203125000E+03 2
  9.189453125000E+02  5.251000000000E+03 2  9.156640625000E+02  4.876000000000E+03 2  9.125000000000E+02  4.588890625000E+03 2
   -1    9    0    0    0    0
  9.181250000000E+02  3.334984375000E+03 3  9.184765625000E+02  3.376000000000E+03 2  9.200000000000E+02  3.557640625000E+03 2  9.257421875000E+02  4.501000000000E+03 2  9.278515625000E+02  5.251000000000E+03 2  9.271484375000E+02  6.001000000000E+03 2  9.259765625000E+02  6.376000000000E+03 2
  9.248046875000E+02  6.563500000000E+03 2  9.243359375000E+02  6.657250000000E+03 2
   -1    8    0    0    0    0
  9.256250000000E+02  6.897484375000E+03 3  9.237500000000E+02  6.920921875000E+03 2  9.219921875000E+02  6.938500000000E+03 2  9.200000000000E+02  6.956078125000E+03 2  9.050000000000E+02  7.096703125000E+03 2  8.900000000000E+02  7.202171875000E+03 2  8.600000000000E+02  7.331078125000E+03 2
  8.000000000000E+02  7.413109375000E+03 2
    1    0    0    0    0    0
  1.053605650410E+03  5.220586679236E+03 0.1440000  -85.4962    214                                                                                                  
   -1   11    0    0    0    0
  1.167500000000E+03  3.967796875000E+03 3  1.160000000000E+03  4.073265625000E+03 2  1.100000000000E+03  4.928734375000E+03 2  1.073299108242E+03  5.267710539900E+03 2  1.052231745473E+03  5.535167293801E+03 3  1.040000000000E+03  5.690453125000E+03 2  1.014335937500E+03  6.001000000000E+03 2
  1.010000000000E+03  6.053734375000E+03 2  9.950000000000E+02  6.217796875000E+03 2  9.875000000000E+02  6.299828125000E+03 2  9.810546875000E+02  6.376000000000E+03 2
    1    0    0    0    0    0
  1.059733554428E+03  7.855873927030E+03 0.1440000   83.9115    215                                                                                                  
   -1   16    0    0    0    0
  9.818750000000E+02  7.354515625000E+03 3  9.837500000000E+02  7.377953125000E+03 2  9.875000000000E+02  7.413109375000E+03 2  9.950000000000E+02  7.495140625000E+03 2  9.951171875000E+02  7.501000000000E+03 2  1.010000000000E+03  7.659203125000E+03 2  1.040000000000E+03  7.963890625000E+03 2
  1.055841380567E+03  8.112403567820E+03 2  1.077204939485E+03  8.312686932672E+03 3  1.100000000000E+03  8.526390625000E+03 2  1.153789062500E+03  9.001000000000E+03 2  1.160000000000E+03  9.053734375000E+03 2  1.175000000000E+03  9.182640625000E+03 2  1.182500000000E+03  9.252953125000E+03 2
  1.186250000000E+03  9.276390625000E+03 2  1.186601562500E+03  9.282250000000E+03 2
    1    0    0    0    0    0
  1.189287466928E+03  6.279474403604E+03 0.1440000   89.7851    216                                                                                                  
   -1   10    0    0    0    0
  1.168320312500E+03  4.032250000000E+03 3  1.169023437500E+03  4.126000000000E+03 2  1.172304687500E+03  4.501000000000E+03 2  1.183095372150E+03  6.191015906780E+03 2  1.187101039447E+03  7.259193852654E+03 3  1.188007812500E+03  7.501000000000E+03 2  1.188710937500E+03  9.001000000000E+03 2
  1.188242187500E+03  9.188500000000E+03 2  1.188242187500E+03  9.282250000000E+03 2  1.188125000000E+03  9.288109375000E+03 2
    1    0    0    0    0    0
  1.236593135855E+03  7.060935638524E+03 0.1440000  -89.9731    217                                                                                                  
   -1   13    0    0    0    0
  1.223750000000E+03  2.678734375000E+03 3  1.224804687500E+03  2.813500000000E+03 2  1.226445312500E+03  3.001000000000E+03 2  1.236992187500E+03  4.501000000000E+03 2  1.240507812500E+03  5.251000000000E+03 2  1.242793367046E+03  6.125150302756E+03 2  1.242284073007E+03  7.211644250850E+03 3
  1.242148437500E+03  7.501000000000E+03 2  1.238398437500E+03  8.251000000000E+03 2  1.235000000000E+03  8.655296875000E+03 2  1.231367187500E+03  9.001000000000E+03 2  1.231250000000E+03  9.018578125000E+03 2  1.230429687500E+03  9.094750000000E+03 2
    4    0    0    0    0    0
  1.342091553843E+03  1.092654968106E+04 0.1200000   89.2958    6LIQH18                                                                                              
  1.367056141913E+03  1.301130861113E+04 0.1200000   89.3372    2OL                                                                                                  
  1.377792094305E+03  1.393935814002E+04 0.1200000   89.3372    3OPX                                                                                                 
  1.393766969288E+03  1.530057207840E+04 0.1200000   89.3859    3CPX                                                                                                 
    3    0    0    0    0    0
  1.365502960147E+03  1.115143142298E+04 0.1200000   89.3372    6LIQH18                                                                                              
  1.389888660527E+03  1.325940814679E+04 0.1200000   89.3372    2OL                                                                                                  
  1.400624612919E+03  1.418745767569E+04 0.1200000   89.3372    3OPX                                                                                                 
   -1   21    0    0    0    0
  1.223750000000E+03  2.655296875000E+03 3  1.226679687500E+03  2.813500000000E+03 2  1.227500000000E+03  2.866234375000E+03 2  1.229960937500E+03  3.001000000000E+03 2  1.250000000000E+03  4.155296875000E+03 2  1.255742187500E+03  4.501000000000E+03 2  1.279414062500E+03  6.001000000000E+03 2
  1.280000000000E+03  6.042015625000E+03 2  1.321835937500E+03  9.001000000000E+03 2  1.340000000000E+03  1.038967187500E+04 2  1.359804687500E+03  1.200100000000E+04 2  1.400000000000E+03  1.547560937500E+04 2  1.427070312500E+03  1.800100000000E+04 2  1.458007812500E+03  2.100100000000E+04 2
  1.460000000000E+03  2.120607812500E+04 2  1.487304687500E+03  2.400100000000E+04 2  1.515898437500E+03  2.700100000000E+04 2  1.520000000000E+03  2.745217187500E+04 2  1.529726562500E+03  2.850100000000E+04 2  1.533242187500E+03  2.887600000000E+04 2  1.534179687500E+03  2.896975000000E+04 2
    3    0    0    0    0    0
  1.347622228477E+03  5.270512178932E+03 0.1200000   88.1322    6LIQH18                                                                                              
  1.389051748589E+03  6.534051836737E+03 0.1200000   88.3194    2OL                                                                                                  
  1.406769404431E+03  7.137905536829E+03 0.1200000   88.3194    3OPX                                                                                                 
    4    0    0    0    0    0
  1.343249518089E+03  4.122879112633E+03 0.1200000   88.1322    6LIQH18                                                                                              
  1.384958827535E+03  5.400835027477E+03 0.1200000   88.1970    2OL                                                                                                  
  1.403506763930E+03  5.981077508284E+03 0.1200000   88.3194    3OPX                                                                                                 
  1.429688545286E+03  6.873405798610E+03 0.1200000   88.3194    3SPN                                                                                                 
   -1   20    0    0    0    0
  1.216250000000E+03  1.448265625000E+03 3  1.218476562500E+03  1.501000000000E+03 2  1.220000000000E+03  1.542015625000E+03 2  1.235000000000E+03  1.917015625000E+03 2  1.248007812500E+03  2.251000000000E+03 2  1.250000000000E+03  2.303734375000E+03 2  1.276132812500E+03  3.001000000000E+03 2
  1.280000000000E+03  3.100609375000E+03 2  1.340000000000E+03  4.811546875000E+03 2  1.378789062500E+03  6.001000000000E+03 2  1.400000000000E+03  6.674828125000E+03 2  1.520000000000E+03  1.076467187500E+04 2  1.554570312500E+03  1.200100000000E+04 2  1.580000000000E+03  1.290920312500E+04 2
  1.596757812500E+03  1.350100000000E+04 2  1.610000000000E+03  1.396389062500E+04 2  1.618320312500E+03  1.425100000000E+04 2  1.625000000000E+03  1.447951562500E+04 2  1.629570312500E+03  1.462600000000E+04 2  1.630625000000E+03  1.465529687500E+04 2
    1    0    0    0    0    0
  1.276802149926E+03  1.437551794801E+04 0.1440000   88.7946    220                                                                                                  
   -1   17    0    0    0    0
  1.178750000000E+03  1.028420312500E+04 3  1.179570312500E+03  1.031350000000E+04 2  1.182500000000E+03  1.043654687500E+04 2  1.184023437500E+03  1.050100000000E+04 2  1.190000000000E+03  1.075295312500E+04 2  1.218476562500E+03  1.200100000000E+04 2  1.270746406225E+03  1.448506209703E+04 2
  1.280000000000E+03  1.492482812500E+04 3  1.286865851060E+03  1.529040335890E+04 3  1.337773437500E+03  1.800100000000E+04 2  1.340000000000E+03  1.813576562500E+04 2  1.363554687500E+03  1.950100000000E+04 2  1.370000000000E+03  1.988185937500E+04 2  1.375976562500E+03  2.025100000000E+04 2
  1.385000000000E+03  2.080764062500E+04 2  1.385117187500E+03  2.081350000000E+04 2  1.386523437500E+03  2.090725000000E+04 2
    1    0    0    0    0    0
  1.309202657425E+03  1.378751870003E+04 0.1440000   89.1574    221                                                                                                  
   -1   21    0    0    0    0
  1.229726562500E+03  9.188500000000E+03 3  1.231250000000E+03  9.276390625000E+03 2  1.232773437500E+03  9.376000000000E+03 2  1.235000000000E+03  9.499046875000E+03 2  1.239101562500E+03  9.751000000000E+03 2  1.250000000000E+03  1.041310937500E+04 2  1.251523437500E+03  1.050100000000E+04 2
  1.275664062500E+03  1.200100000000E+04 2  1.280000000000E+03  1.228810937500E+04 2  1.302856087240E+03  1.384213204301E+04 2  1.316361582419E+03  1.476039269844E+04 3  1.364023437500E+03  1.800100000000E+04 2  1.370000000000E+03  1.842873437500E+04 2  1.384414062500E+03  1.950100000000E+04 2
  1.385000000000E+03  1.954201562500E+04 2  1.394492187500E+03  2.025100000000E+04 2  1.399414062500E+03  2.062600000000E+04 2  1.400000000000E+03  2.067873437500E+04 2  1.404101562500E+03  2.100100000000E+04 2  1.406679687500E+03  2.118850000000E+04 2  1.407500000000E+03  2.125295312500E+04 2
    5    0    0    0    0    0
  8.351753343514E+02  2.679577123152E+04 0.1200000  -89.4184    2OL                                                                                                  
  8.449340607007E+02  2.589918907771E+04 0.1200000  -89.5277    3GRT                                                                                                 
  8.581991704490E+02  2.454676124049E+04 0.1200000  -89.6867    3OPX                                                                                                 
  8.681971914509E+02  2.313241121279E+04 0.1200000  -89.8568    3CPX                                                                                                 
  8.720211555168E+02  2.160282558640E+04 0.1200000  -89.8568    2ru                                                                                                  
    4    0    0    0    0    0
  8.542251766398E+02  2.682812206726E+04 0.1200000  -89.4184    2OL                                                                                                  
  8.639757800958E+02  2.585652632104E+04 0.1200000  -89.5277    3GRT                                                                                                 
  8.769891025942E+02  2.438665524571E+04 0.1200000  -89.6867    3OPX                                                                                                 
  8.863415717184E+02  2.284044980030E+04 0.1200000  -89.8568    3CPX                                                                                                 
   -1   15    0    0    0    0
  8.636328125000E+02  1.584475000000E+04 3  8.637500000000E+02  1.586232812500E+04 2  8.645703125000E+02  1.593850000000E+04 2  8.664453125000E+02  1.612600000000E+04 2  8.675000000000E+02  1.623732812500E+04 2  8.697265625000E+02  1.650100000000E+04 2  8.802734375000E+02  1.800100000000E+04 2
  8.861328125000E+02  1.950100000000E+04 2  8.870703125000E+02  2.100100000000E+04 2  8.833203125000E+02  2.250100000000E+04 2  8.751171875000E+02  2.400100000000E+04 2  8.600000000000E+02  2.583498437500E+04 2  8.481640625000E+02  2.700100000000E+04 2  8.120703125000E+02  3.000100000000E+04 2
  8.000000000000E+02  3.089748437500E+04 2
    1    0    0    0    0    0
  9.501756112117E+02  1.531076779318E+04 0.1440000   65.0402    223                                                                                                  
   -1   19    0    0    0    0
  8.637500000000E+02  1.580373437500E+04 3  8.675000000000E+02  1.576857812500E+04 2  8.687890625000E+02  1.575100000000E+04 2  8.750000000000E+02  1.569826562500E+04 2  8.900000000000E+02  1.560451562500E+04 2  9.200000000000E+02  1.553420312500E+04 2  9.470509943926E+02  1.559232049577E+04 2
  9.698264577164E+02  1.564125215525E+04 3  9.800000000000E+02  1.566310937500E+04 2  1.040000000000E+03  1.602639062500E+04 2  1.100000000000E+03  1.656545312500E+04 2  1.160000000000E+03  1.725685937500E+04 2  1.215195312500E+03  1.800100000000E+04 2  1.280000000000E+03  1.901467187500E+04 2
  1.340000000000E+03  2.009279687500E+04 2  1.370000000000E+03  2.069045312500E+04 2  1.384882812500E+03  2.100100000000E+04 2  1.385000000000E+03  2.100685937500E+04 2  1.386875000000E+03  2.104201562500E+04 2
    1    0    0    0    0    0
  9.225441658983E+02  1.354322967177E+04 0.1440000   84.2672    224                                                                                                  
   -1   17    0    0    0    0
  8.000000000000E+02  1.286232812500E+04 3  8.300000000000E+02  1.307326562500E+04 2  8.600000000000E+02  1.329592187500E+04 2  9.185873745732E+02  1.379940712524E+04 2  9.200000000000E+02  1.381154687500E+04 3  9.409514242787E+02  1.402024270278E+04 3  9.800000000000E+02  1.440920312500E+04 2
  1.033085937500E+03  1.500100000000E+04 2  1.040000000000E+03  1.508889062500E+04 2  1.100000000000E+03  1.585060937500E+04 2  1.160000000000E+03  1.670607812500E+04 2  1.239804687500E+03  1.800100000000E+04 2  1.280000000000E+03  1.872170312500E+04 2  1.340000000000E+03  1.989357812500E+04 2
  1.370000000000E+03  2.053810937500E+04 2  1.385000000000E+03  2.087795312500E+04 2  1.386289062500E+03  2.090725000000E+04 2
    3    0    0    0    0    0
  1.805473968311E+03  3.149485892892E+04 0.1200000   89.5682    6LIQH18                                                                                              
  1.822044208361E+03  3.377776672110E+04 0.1200000   89.6106    2OL                                                                                                  
  1.828943690910E+03  3.479286300415E+04 0.1200000   89.6106    3OPX                                                                                                 
    2    0    0    0    0    0
  1.827912885723E+03  3.195605753150E+04 0.1200000   89.6106    6LIQH18                                                                                              
  1.843584407734E+03  3.426175272392E+04 0.1200000   89.6106    2OL                                                                                                  
   -1   18    0    0    0    0
  1.632148437500E+03  1.471975000000E+04 3  1.632500000000E+03  1.474904687500E+04 2  1.636367187500E+03  1.500100000000E+04 2  1.640000000000E+03  1.525295312500E+04 2  1.677617187500E+03  1.800100000000E+04 2  1.700000000000E+03  1.981154687500E+04 2  1.713710937500E+03  2.100100000000E+04 2
  1.745351562500E+03  2.400100000000E+04 2  1.760000000000E+03  2.553029687500E+04 2  1.798320312500E+03  3.000100000000E+04 2  1.820000000000E+03  3.287795312500E+04 2  1.820820312500E+03  3.300100000000E+04 2  1.841210937500E+03  3.600100000000E+04 2  1.877304687500E+03  4.200100000000E+04 2
  1.880000000000E+03  4.251076562500E+04 2  1.908007812500E+03  4.800100000000E+04 2  1.935195312500E+03  5.400100000000E+04 2  1.959570312500E+03  6.000100000000E+04 2
    1    0    0    0    0    0
  1.506810692563E+03  2.848342247676E+04 0.1440000   89.2659    226                                                                                                  
   -1   22    0    0    0    0
  1.388632812500E+03  2.109475000000E+04 3  1.388750000000E+03  2.110060937500E+04 2  1.390273437500E+03  2.118850000000E+04 2  1.392500000000E+03  2.131154687500E+04 2  1.393554687500E+03  2.137600000000E+04 2  1.400000000000E+03  2.174514062500E+04 2  1.400117187500E+03  2.175100000000E+04 2
  1.412773437500E+03  2.250100000000E+04 2  1.430000000000E+03  2.356154687500E+04 2  1.436914062500E+03  2.400100000000E+04 2  1.460000000000E+03  2.551857812500E+04 2  1.480976562500E+03  2.700100000000E+04 2  1.500407036346E+03  2.851752478798E+04 2  1.512704072384E+03  2.947729345438E+04 3
  1.519414062500E+03  3.000100000000E+04 2  1.520000000000E+03  3.005373437500E+04 2  1.553164062500E+03  3.300100000000E+04 2  1.580000000000E+03  3.565529687500E+04 2  1.583398437500E+03  3.600100000000E+04 2  1.610351562500E+03  3.900100000000E+04 2  1.611992187500E+03  3.918850000000E+04 2
  1.612695312500E+03  3.928225000000E+04 2
    1    0    0    0    0    0
  1.467433086927E+03  2.385208992413E+04 0.1440000   89.1272    227                                                                                                  
   -1   16    0    0    0    0
  1.407851562500E+03  2.128225000000E+04 3  1.409375000000E+03  2.134670312500E+04 2  1.409960937500E+03  2.137600000000E+04 2  1.415000000000E+03  2.159279687500E+04 2  1.418632812500E+03  2.175100000000E+04 2  1.430000000000E+03  2.228420312500E+04 2  1.434570312500E+03  2.250100000000E+04 2
  1.460000000000E+03  2.386623437500E+04 2  1.461105854565E+03  2.391205096632E+04 2  1.474919371566E+03  2.481878438995E+04 3  1.508164062500E+03  2.700100000000E+04 2  1.520000000000E+03  2.788576562500E+04 2  1.527851562500E+03  2.850100000000E+04 2  1.532539062500E+03  2.887600000000E+04 2
  1.533125000000E+03  2.891701562500E+04 2  1.533710937500E+03  2.896975000000E+04 2
    1    0    0    0    0    0
  1.729508232399E+03  5.071259332694E+04 0.1440000   89.5974    228                                                                                                  
   -1   19    0    0    0    0
  1.535820312500E+03  2.915725000000E+04 3  1.536757812500E+03  2.925100000000E+04 2  1.544492187500E+03  3.000100000000E+04 2  1.574726562500E+03  3.300100000000E+04 2  1.580000000000E+03  3.354592187500E+04 2  1.603554687500E+03  3.600100000000E+04 2  1.630976562500E+03  3.900100000000E+04 2
  1.637539062500E+03  3.975100000000E+04 2  1.640000000000E+03  4.002639062500E+04 2  1.656992187500E+03  4.200100000000E+04 2  1.704101562500E+03  4.800100000000E+04 2  1.723095168363E+03  5.067262807746E+04 2  1.725429687500E+03  5.100100000000E+04 3  1.730000000000E+03  5.165139062500E+04 3
  1.730652810752E+03  5.174797997091E+04 3  1.735742187500E+03  5.250100000000E+04 2  1.745351562500E+03  5.400100000000E+04 2  1.760000000000E+03  5.638576562500E+04 2  1.780507812500E+03  6.000100000000E+04 2
    4    0    0    0    0    0
  1.738622366348E+03  4.471405970050E+04 0.1200000   89.3613    6LIQH18                                                                                              
  1.761935732612E+03  4.684466478502E+04 0.1200000   89.4099    2OL                                                                                                  
  1.771853657612E+03  4.779004261361E+04 0.1200000   89.4450    3GRT                                                                                                 
  1.785633309442E+03  4.921245828641E+04 0.1200000   89.4450    3OPX                                                                                                 
    3    0    0    0    0    0
  1.762366945188E+03  4.499930943047E+04 0.1200000   89.4099    6LIQH18                                                                                              
  1.784664415509E+03  4.716432187129E+04 0.1200000   89.4099    2OL                                                                                                  
  1.794419136344E+03  4.813740574122E+04 0.1200000   89.4450    3OPX                                                                                                 
   -1   18    0    0    0    0
  1.536523437500E+03  2.915725000000E+04 3  1.536875000000E+03  2.918654687500E+04 2  1.537929687500E+03  2.925100000000E+04 2  1.549414062500E+03  3.000100000000E+04 2  1.580000000000E+03  3.205764062500E+04 2  1.593945312500E+03  3.300100000000E+04 2  1.636132812500E+03  3.600100000000E+04 2
  1.640000000000E+03  3.628810937500E+04 2  1.675742187500E+03  3.900100000000E+04 2  1.700000000000E+03  4.095217187500E+04 2  1.712773437500E+03  4.200100000000E+04 2  1.760000000000E+03  4.623732812500E+04 2  1.778164062500E+03  4.800100000000E+04 2  1.807226562500E+03  5.100100000000E+04 2
  1.820000000000E+03  5.242482812500E+04 2  1.833710937500E+03  5.400100000000E+04 2  1.880000000000E+03  5.992482812500E+04 2  1.880585937500E+03  6.000100000000E+04 2
   -1   13    0    0    0    0
  1.613398437500E+03  3.937600000000E+04 3  1.613750000000E+03  3.945217187500E+04 2  1.614335937500E+03  3.956350000000E+04 2  1.615039062500E+03  3.975100000000E+04 2  1.618085937500E+03  4.050100000000E+04 2  1.625585937500E+03  4.200100000000E+04 2  1.640000000000E+03  4.439748437500E+04 2
  1.666132812500E+03  4.800100000000E+04 2  1.690976562500E+03  5.100100000000E+04 2  1.700000000000E+03  5.201467187500E+04 2  1.704335937500E+03  5.250100000000E+04 2  1.705273437500E+03  5.259475000000E+04 2  1.705625000000E+03  5.264748437500E+04 2
   -1   12    0    0    0    0
  1.613750000000E+03  3.940529687500E+04 3  1.615039062500E+03  3.956350000000E+04 2  1.616679687500E+03  3.975100000000E+04 2  1.622539062500E+03  4.050100000000E+04 2  1.634492187500E+03  4.200100000000E+04 2  1.640000000000E+03  4.274514062500E+04 2  1.676914062500E+03  4.800100000000E+04 2
  1.695898437500E+03  5.100100000000E+04 2  1.700000000000E+03  5.166310937500E+04 2  1.705039062500E+03  5.250100000000E+04 2  1.705507812500E+03  5.259475000000E+04 2  1.705625000000E+03  5.261232812500E+04 2
   -1   13    0    0    0    0
  1.613750000000E+03  3.939357812500E+04 3  1.615273437500E+03  3.956350000000E+04 2  1.617148437500E+03  3.975100000000E+04 2  1.623945312500E+03  4.050100000000E+04 2  1.636601562500E+03  4.200100000000E+04 2  1.640000000000E+03  4.241701562500E+04 2  1.679726562500E+03  4.800100000000E+04 2
  1.697304687500E+03  5.100100000000E+04 2  1.700000000000E+03  5.149904687500E+04 2  1.705273437500E+03  5.250100000000E+04 2  1.705625000000E+03  5.258889062500E+04 2  1.705742187500E+03  5.259475000000E+04 2  1.706210937500E+03  5.268850000000E+04 2
    1    0    0    0    0    0
  1.723572445305E+03  5.477956807118E+04 0.1440000   89.6956    233                                                                                                  
   -1    9    0    0    0    0
  1.706679687500E+03  5.278225000000E+04 3  1.707148437500E+03  5.287600000000E+04 2  1.707500000000E+03  5.294045312500E+04 2  1.709257812500E+03  5.325100000000E+04 2  1.713476562500E+03  5.400100000000E+04 2  1.717266129852E+03  5.471433032511E+04 2  1.723124342304E+03  5.581705266892E+04 3
  1.729414062500E+03  5.700100000000E+04 2  1.744414062500E+03  6.000100000000E+04 2
    1    0    0    0    0    0
  1.008073754479E+03  9.026326781935E+03 0.1440000   81.1808    234                                                                                                  
   -1   14    0    0    0    0
  8.000000000000E+02  7.764671875000E+03 3  8.600000000000E+02  8.245140625000E+03 2  8.900000000000E+02  8.479515625000E+03 2  9.200000000000E+02  8.702171875000E+03 2  9.500000000000E+02  8.924828125000E+03 2  9.611328125000E+02  9.001000000000E+03 2  9.800000000000E+02  9.135765625000E+03 2
  1.004480981726E+03  9.293553202532E+03 2  1.027112951235E+03  9.439423318506E+03 3  1.040000000000E+03  9.522484375000E+03 2  1.100000000000E+03  9.885765625000E+03 2  1.160000000000E+03  1.019045312500E+04 2  1.175000000000E+03  1.026076562500E+04 2  1.176875000000E+03  1.027248437500E+04 2
    1    0    0    0    0    0
  8.363835170927E+02  1.392897652439E+04 0.1440000   88.7994    235                                                                                                  
   -1    7    0    0    0    0
  8.000000000000E+02  1.304982812500E+04 3  8.151171875000E+02  1.350100000000E+04 2  8.303234089195E+02  1.403791560059E+04 2  8.468319673056E+02  1.482560967215E+04 3  8.505078125000E+02  1.500100000000E+04 2  8.600000000000E+02  1.559279687500E+04 2  8.624609375000E+02  1.575100000000E+04 2
    1    0    0    0    0    0
  8.206177161580E+02  1.607874774547E+04 0.1440000  -85.8167    236                                                                                                  
   -1    9    0    0    0    0
  8.000000000000E+02  1.762014062500E+04 3  8.038671875000E+02  1.725100000000E+04 2  8.150000000000E+02  1.667092187500E+04 2  8.202084261312E+02  1.650309481077E+04 2  8.202734375000E+02  1.650100000000E+04 3  8.300000000000E+02  1.624904687500E+04 3  8.413701214233E+02  1.609359599617E+04 3
  8.600000000000E+02  1.583889062500E+04 2  8.618750000000E+02  1.581545312500E+04 2
   -1    8    0    0    0    0
  1.386875000000E+03  2.091310937500E+04 3  1.388750000000E+03  2.094826562500E+04 2  1.391445312500E+03  2.100100000000E+04 2  1.392500000000E+03  2.101857812500E+04 2  1.400000000000E+03  2.114748437500E+04 2  1.402226562500E+03  2.118850000000E+04 2  1.403750000000E+03  2.121779687500E+04 2
  1.405625000000E+03  2.124123437500E+04 2
   -1    5    0    0    0    0
  1.388750000000E+03  2.107717187500E+04 3  1.392500000000E+03  2.112404687500E+04 2  1.400000000000E+03  2.121779687500E+04 2  1.403750000000E+03  2.125295312500E+04 2  1.405625000000E+03  2.126467187500E+04 2
   -1    9    0    0    0    0
  1.199375000000E+03  9.443593750000E+02 3  1.199257812500E+03  9.385000000000E+02 2  1.197500000000E+03  8.740468750000E+02 2  1.194335937500E+03  7.510000000000E+02 2  1.190000000000E+03  5.927968750000E+02 2  1.183789062500E+03  3.760000000000E+02 2  1.182500000000E+03  3.349843750000E+02 2
  1.175000000000E+03  8.889062500000E+01 2  1.173125000000E+03  3.029687500000E+01 2
    1    0    0    0    0    0
  1.189234770574E+03  1.888620281021E+03 0.1440000   89.9105    240                                                                                                  
   -1   16    0    0    0    0
  1.163750000000E+03  4.201562500000E+01 3  1.165742187500E+03  1.885000000000E+02 2  1.167500000000E+03  3.467031250000E+02 2  1.167851562500E+03  3.760000000000E+02 2  1.172070312500E+03  7.510000000000E+02 2  1.175000000000E+03  1.026390625000E+03 2  1.179335937500E+03  1.501000000000E+03 2
  1.181130265922E+03  1.788092547442E+03 2  1.184023437500E+03  2.251000000000E+03 3  1.185050309639E+03  2.908198168782E+03 3  1.182851562500E+03  3.376000000000E+03 2  1.182500000000E+03  3.405296875000E+03 2  1.175585937500E+03  3.751000000000E+03 2  1.175000000000E+03  3.768578125000E+03 2
  1.171250000000E+03  3.874046875000E+03 2  1.168554687500E+03  3.938500000000E+03 2
   -1    4    0    0    0    0
  1.215664062500E+03  1.501000000000E+03 3  1.220000000000E+03  2.116234375000E+03 2  1.220820312500E+03  2.251000000000E+03 2  1.223398437500E+03  2.626000000000E+03 2
   -1    7    0    0    0    0
  1.201132812500E+03  1.032250000000E+03 3  1.201250000000E+03  1.049828125000E+03 2  1.202539062500E+03  1.126000000000E+03 2  1.205000000000E+03  1.295921875000E+03 2  1.207929687500E+03  1.501000000000E+03 2  1.220000000000E+03  2.374046875000E+03 2  1.223164062500E+03  2.626000000000E+03 2
   -1    6    0    0    0    0
  1.188125000000E+03  9.299828125000E+03 3  1.190000000000E+03  9.311546875000E+03 2  1.205000000000E+03  9.381859375000E+03 2  1.220000000000E+03  9.323265625000E+03 2  1.227500000000E+03  9.206078125000E+03 2  1.228554687500E+03  9.188500000000E+03 2
   -1    9    0    0    0    0
  1.178750000000E+03  1.027248437500E+04 3  1.182500000000E+03  1.026076562500E+04 2  1.190000000000E+03  1.020217187500E+04 2  1.205000000000E+03  9.979515625000E+03 2  1.213554687500E+03  9.751000000000E+03 2  1.220000000000E+03  9.545921875000E+03 2  1.224335937500E+03  9.376000000000E+03 2
  1.227500000000E+03  9.252953125000E+03 2  1.229023437500E+03  9.188500000000E+03 2
   -1    2    0    0    0    0
  1.386875000000E+03  2.093654687500E+04 3  1.387460937500E+03  2.100100000000E+04 2
   -1    6    0    0    0    0
  8.975000000000E+02  4.448265625000E+03 3  9.050000000000E+02  4.225609375000E+03 2  9.087500000000E+02  4.307640625000E+03 2  9.088671875000E+02  4.313500000000E+03 2  9.102734375000E+02  4.407250000000E+03 2  9.106250000000E+02  4.448265625000E+03 2
   -1    6    0    0    0    0
  1.201250000000E+03  1.002953125000E+03 3  1.205000000000E+03  1.120140625000E+03 2  1.205351562500E+03  1.126000000000E+03 2  1.212500000000E+03  1.342796875000E+03 2  1.214375000000E+03  1.389671875000E+03 2  1.214726562500E+03  1.407250000000E+03 2
   -1    4    0    0    0    0
  9.238671875000E+02  6.657250000000E+03 3  9.243359375000E+02  6.751000000000E+03 2  9.255078125000E+02  6.844750000000E+03 2  9.256250000000E+02  6.850609375000E+03 2
   -1    3    0    0    0    0
  9.248046875000E+02  6.751000000000E+03 3  9.256250000000E+02  6.827171875000E+03 2  9.257421875000E+02  6.844750000000E+03 2
   -1    5    0    0    0    0
  9.256250000000E+02  6.686546875000E+03 3  9.275000000000E+02  6.709984375000E+03 2  9.313671875000E+02  6.751000000000E+03 2  9.312500000000E+02  6.862328125000E+03 2  9.275000000000E+02  6.885765625000E+03 2
   -1    6    0    0    0    0
  9.481250000000E+02  6.721703125000E+03 3  9.462500000000E+02  6.745140625000E+03 2  9.456640625000E+02  6.751000000000E+03 2  9.462500000000E+02  6.932640625000E+03 2  9.466015625000E+02  6.938500000000E+03 2  9.481250000000E+02  6.956078125000E+03 2
   -1    5    0    0    0    0
  1.187773437500E+03  9.376000000000E+03 3  1.184726562500E+03  9.751000000000E+03 2  1.182500000000E+03  9.967796875000E+03 2  1.180507812500E+03  1.012600000000E+04 2  1.178750000000E+03  1.026076562500E+04 2
   -1    2    0    0    0    0
  1.534882812500E+03  2.906350000000E+04 3  1.535000000000E+03  2.906935937500E+04 2
   -1    2    0    0    0    0
  1.407500000000E+03  2.127639062500E+04 3  1.407500000000E+03  2.128039062500E+04 2
   -1    2    0    0    0    0
  1.613632812500E+03  3.937600000000E+04 3  1.613632812500E+03  3.938000000000E+04 2
   -1    2    0    0    0    0
  1.705976562500E+03  5.268850000000E+04 3  1.705976562500E+03  5.269250000000E+04 2
   -1    2    0    0    0    0
  1.229375000000E+03  9.170921875000E+03 3  1.229375000000E+03  9.174921875000E+03 2
