L:Temperature [C]                                                               
Pressure [Bar]                                                                  
  8.000000000000E+02  2.000000000000E+03  1.000000000000E+00  6.000100000000E+04     15.00     15.00
   16    0    0    0    0    0
  8.000000000000E+02  6.320100000000E+04 0.2000000    0.0000    0Bulk(1)= NA(0.5)CA(2.821)K(0.02)FE(5.879)MG(50.51)AL(3.548)SI(38.451)TI(0.1)CR(0.218)O(?)O(0.096)
  2.000000000000E+03 -7.999000000000E+03 0.2000000    0.0000    008.12.2022 - 17:12:37  CPU time:    2h 08m 38.96s
  2.120000000000E+03  6.000100000000E+04 0.2000000    0.0000    0KLB-1 H-free tc-ig50 ex
  2.120000000000E+03  5.860100000000E+04 0.2000000    0.0000    0domino version: 07.12.2022-0xmain
  2.120000000000E+03  5.720100000000E+04 0.2000000    0.0000    0database: td-ds633-ig50-01.txt
  2.120000000000E+03  5.580100000000E+04 0.2000000    0.0000    0LIQH18: external+margules
  2.120000000000E+03  5.440100000000E+04 0.2000000    0.0000    0FSP4TR: site mixing+margules
  2.120000000000E+03  5.300100000000E+04 0.2000000    0.0000    0OL: site mixing+margules
  2.120000000000E+03  5.160100000000E+04 0.2000000    0.0000    0GRT: site mixing+margules
  2.120000000000E+03  5.020100000000E+04 0.2000000    0.0000    0CRD: site mixing+margules
  2.120000000000E+03  4.880100000000E+04 0.2000000    0.0000    0OPX: site mixing+margules
  2.120000000000E+03  4.740100000000E+04 0.2000000    0.0000    0CPX: site mixing+margules
  2.120000000000E+03  4.600100000000E+04 0.2000000    0.0000    0SPN: site mixing+margules
  2.120000000000E+03  4.460100000000E+04 0.2000000    0.0000    0ILM00: site mixing+margules
  0.000000000000E+00  0.000000000000E+00 0.2000000    0.0000    097
  0.000000000000E+00  0.000000000000E+00 0.2000000    0.0000    098
    2    6    0    0    0    0
  8.851953125000E+02  1.000000000000E+00 3  8.900000000000E+02  7.217031250000E+02 2  8.945703125000E+02  1.501000000000E+03 2  9.020703125000E+02  3.001000000000E+03 2  9.034765625000E+02  3.376000000000E+03 2  9.050000000000E+02  3.733421875000E+03 2
  8.847953125000E+02  1.000000000000E+00 0.0000000    0.0000    0FSP4TR OL OPX CPX SPN ru
  8.855953125000E+02  1.000000000000E+00 0.0000000    0.0000    0FSP4TR OL OPX CPX (2)SPN ru
    2    4    0    0    0    0
  9.125000000000E+02  3.709984375000E+03 3  9.142578125000E+02  3.563500000000E+03 2  9.162500000000E+02  3.405296875000E+03 2  9.166015625000E+02  3.376000000000E+03 2
  9.125000000000E+02  3.729984375000E+03 0.0000000    0.0000    0FSP4TR OL OPX CPX SPN ru
  9.125000000000E+02  3.689984375000E+03 0.0000000    0.0000    0FSP4TR OL OPX CPX (2)SPN ru
    2    5    0    0    0    0
  9.086328125000E+02  1.000000000000E+00 3  9.142578125000E+02  1.501000000000E+03 2  9.173046875000E+02  3.001000000000E+03 2  9.175390625000E+02  3.188500000000E+03 2  9.177734375000E+02  3.282250000000E+03 2
  9.082328125000E+02  1.000000000000E+00 0.0000000    0.0000    0FSP4TR OL OPX CPX (2)SPN ru
  9.090328125000E+02  1.000000000000E+00 0.0000000    0.0000    0FSP4TR OL OPX CPX (2)SPN
    2    6    0    0    0    0
  1.030273437500E+03  1.000000000000E+00 3  9.800000000000E+02  1.506859375000E+03 2  9.280859375000E+02  3.001000000000E+03 2  9.200000000000E+02  3.229515625000E+03 2  9.181250000000E+02  3.276390625000E+03 2  9.180078125000E+02  3.282250000000E+03 2
  1.029873437500E+03  1.000000000000E+00 0.0000000    0.0000    0FSP4TR OL OPX CPX (2)SPN
  1.030673437500E+03  1.000000000000E+00 0.0000000    0.0000    0FSP4TR OL OPX CPX SPN
    2    7    0    0    0    0
  1.115820312500E+03  1.000000000000E+00 3  1.130000000000E+03  8.037343750000E+02 2  1.140664062500E+03  1.501000000000E+03 2  1.158710937500E+03  3.001000000000E+03 2  1.160000000000E+03  3.135765625000E+03 2  1.165742187500E+03  3.751000000000E+03 2  1.167500000000E+03  3.956078125000E+03 2
  1.115420312500E+03  1.000000000000E+00 0.0000000    0.0000    0FSP4TR OL OPX CPX SPN
  1.116220312500E+03  1.000000000000E+00 0.0000000    0.0000    0LIQH18 FSP4TR OL OPX CPX SPN
    2    5    0    0    0    0
  1.183085937500E+03  1.000000000000E+00 3  1.190000000000E+03  3.701406250000E+02 2  1.196445312500E+03  7.510000000000E+02 2  1.197500000000E+03  8.037343750000E+02 2  1.199726562500E+03  9.385000000000E+02 2
  1.182685937500E+03  1.000000000000E+00 0.0000000    0.0000    0LIQH18 FSP4TR OL OPX CPX SPN
  1.183485937500E+03  1.000000000000E+00 0.0000000    0.0000    0LIQH18 FSP4TR OL OPX SPN
    2    8    0    0    0    0
  1.203476562500E+03  1.000000000000E+00 3  1.205000000000E+03  1.826406250000E+02 2  1.209804687500E+03  7.510000000000E+02 2  1.212500000000E+03  1.073265625000E+03 2  1.212851562500E+03  1.126000000000E+03 2  1.214257812500E+03  1.313500000000E+03 2  1.214375000000E+03  1.319359375000E+03 2
  1.214960937500E+03  1.407250000000E+03 2
  1.203076562500E+03  1.000000000000E+00 0.0000000    0.0000    0LIQH18 FSP4TR OL OPX SPN
  1.203876562500E+03  1.000000000000E+00 0.0000000    0.0000    0LIQH18 OL OPX SPN
    2   17    0    0    0    0
  1.221992187500E+03  1.000000000000E+00 3  1.250000000000E+03  5.693593750000E+02 2  1.280000000000E+03  1.225609375000E+03 2  1.340000000000E+03  2.690453125000E+03 2  1.351601562500E+03  3.001000000000E+03 2  1.400000000000E+03  4.401390625000E+03 2  1.448398437500E+03  6.001000000000E+03 2
  1.520000000000E+03  8.807640625000E+03 2  1.524570312500E+03  9.001000000000E+03 2  1.580000000000E+03  1.169045312500E+04 2  1.585742187500E+03  1.200100000000E+04 2  1.610000000000E+03  1.336623437500E+04 2  1.612226562500E+03  1.350100000000E+04 2  1.624648437500E+03  1.425100000000E+04 2
  1.625000000000E+03  1.428029687500E+04 2  1.630507812500E+03  1.462600000000E+04 2  1.630625000000E+03  1.463185937500E+04 2
  1.221592187500E+03  1.000000000000E+00 0.0000000    0.0000    0LIQH18 OL OPX SPN
  1.222392187500E+03  1.000000000000E+00 0.0000000    0.0000    0LIQH18 OL SPN
    2   10    0    0    0    0
  1.511445312500E+03  1.000000000000E+00 3  1.520000000000E+03  9.092031250000E+02 2  1.565117187500E+03  6.001000000000E+03 2  1.580000000000E+03  7.799828125000E+03 2  1.589492187500E+03  9.001000000000E+03 2  1.612226562500E+03  1.200100000000E+04 2  1.623476562500E+03  1.350100000000E+04 2
  1.625000000000E+03  1.375295312500E+04 2  1.628632812500E+03  1.425100000000E+04 2  1.631210937500E+03  1.462600000000E+04 2
  1.511045312500E+03  1.000000000000E+00 0.0000000    0.0000    0LIQH18 OL SPN
  1.511845312500E+03  1.000000000000E+00 0.0000000    0.0000    0LIQH18 OL
    2   12    0    0    0    0
  1.805585937500E+03  1.000000000000E+00 3  1.837695312500E+03  6.001000000000E+03 2  1.863945312500E+03  1.200100000000E+04 2  1.880000000000E+03  1.635451562500E+04 2  1.885507812500E+03  1.800100000000E+04 2  1.903554687500E+03  2.400100000000E+04 2  1.918554687500E+03  3.000100000000E+04 2
  1.930976562500E+03  3.600100000000E+04 2  1.941757812500E+03  4.200100000000E+04 2  1.950664062500E+03  4.800100000000E+04 2  1.958164062500E+03  5.400100000000E+04 2  1.964726562500E+03  6.000100000000E+04 2
  1.805185937500E+03  1.000000000000E+00 0.0000000    0.0000    0LIQH18 OL
  1.805985937500E+03  1.000000000000E+00 0.0000000    0.0000    0LIQH18
    2   23    0    0    0    0
  8.956250000000E+02  4.506859375000E+03 3  8.937500000000E+02  4.553734375000E+03 2  8.900000000000E+02  4.682640625000E+03 2  8.844921875000E+02  4.876000000000E+03 2  8.825000000000E+02  4.963890625000E+03 2  8.776953125000E+02  5.251000000000E+03 2  8.781640625000E+02  5.626000000000E+03 2
  8.825000000000E+02  5.842796875000E+03 2  8.875390625000E+02  6.001000000000E+03 2  8.900000000000E+02  6.065453125000E+03 2  9.050000000000E+02  6.358421875000E+03 2  9.058203125000E+02  6.376000000000E+03 2  9.125000000000E+02  6.475609375000E+03 2  9.162500000000E+02  6.534203125000E+03 2
  9.182421875000E+02  6.563500000000E+03 2  9.200000000000E+02  6.592796875000E+03 2  9.229296875000E+02  6.563500000000E+03 2  9.231640625000E+02  6.376000000000E+03 2  9.226953125000E+02  6.001000000000E+03 2  9.200000000000E+02  5.409203125000E+03 2  9.189453125000E+02  5.251000000000E+03 2
  9.156640625000E+02  4.876000000000E+03 2  9.125000000000E+02  4.588890625000E+03 2
  8.956250000000E+02  4.486859375000E+03 0.0000000    0.0000    0FSP4TR OL OPX CPX SPN ru
  8.956250000000E+02  4.526859375000E+03 0.0000000    0.0000    0FSP4TR OL OPX CPX ru
    2    9    0    0    0    0
  9.181250000000E+02  3.334984375000E+03 3  9.184765625000E+02  3.376000000000E+03 2  9.200000000000E+02  3.557640625000E+03 2  9.257421875000E+02  4.501000000000E+03 2  9.278515625000E+02  5.251000000000E+03 2  9.271484375000E+02  6.001000000000E+03 2  9.259765625000E+02  6.376000000000E+03 2
  9.248046875000E+02  6.563500000000E+03 2  9.243359375000E+02  6.657250000000E+03 2
  9.181250000000E+02  3.354984375000E+03 0.0000000    0.0000    0FSP4TR OL OPX CPX SPN ru
  9.181250000000E+02  3.314984375000E+03 0.0000000    0.0000    0FSP4TR OL OPX CPX SPN
    2    8    0    0    0    0
  9.256250000000E+02  6.897484375000E+03 3  9.237500000000E+02  6.920921875000E+03 2  9.219921875000E+02  6.938500000000E+03 2  9.200000000000E+02  6.956078125000E+03 2  9.050000000000E+02  7.096703125000E+03 2  8.900000000000E+02  7.202171875000E+03 2  8.600000000000E+02  7.331078125000E+03 2
  8.000000000000E+02  7.413109375000E+03 2
  9.256250000000E+02  6.877484375000E+03 0.0000000    0.0000    0FSP4TR OL OPX CPX SPN ru
  9.256250000000E+02  6.917484375000E+03 0.0000000    0.0000    0FSP4TR OL OPX CPX SPN
    2    9    0    0    0    0
  1.167500000000E+03  3.967796875000E+03 3  1.160000000000E+03  4.073265625000E+03 2  1.100000000000E+03  4.928734375000E+03 2  1.040000000000E+03  5.690453125000E+03 2  1.014335937500E+03  6.001000000000E+03 2  1.010000000000E+03  6.053734375000E+03 2  9.950000000000E+02  6.217796875000E+03 2
  9.875000000000E+02  6.299828125000E+03 2  9.810546875000E+02  6.376000000000E+03 2
  1.167500000000E+03  3.947796875000E+03 0.0000000    0.0000    0FSP4TR OL OPX CPX SPN
  1.167500000000E+03  3.987796875000E+03 0.0000000    0.0000    0FSP4TR OL OPX CPX
    2   14    0    0    0    0
  9.818750000000E+02  7.354515625000E+03 3  9.837500000000E+02  7.377953125000E+03 2  9.875000000000E+02  7.413109375000E+03 2  9.950000000000E+02  7.495140625000E+03 2  9.951171875000E+02  7.501000000000E+03 2  1.010000000000E+03  7.659203125000E+03 2  1.040000000000E+03  7.963890625000E+03 2
  1.100000000000E+03  8.526390625000E+03 2  1.153789062500E+03  9.001000000000E+03 2  1.160000000000E+03  9.053734375000E+03 2  1.175000000000E+03  9.182640625000E+03 2  1.182500000000E+03  9.252953125000E+03 2  1.186250000000E+03  9.276390625000E+03 2  1.186601562500E+03  9.282250000000E+03 2
  9.818750000000E+02  7.374515625000E+03 0.0000000    0.0000    0FSP4TR OL OPX CPX SPN
  9.818750000000E+02  7.334515625000E+03 0.0000000    0.0000    0FSP4TR OL OPX CPX
    2    9    0    0    0    0
  1.168320312500E+03  4.032250000000E+03 3  1.169023437500E+03  4.126000000000E+03 2  1.172304687500E+03  4.501000000000E+03 2  1.182382812500E+03  6.001000000000E+03 2  1.188007812500E+03  7.501000000000E+03 2  1.188710937500E+03  9.001000000000E+03 2  1.188242187500E+03  9.188500000000E+03 2
  1.188242187500E+03  9.282250000000E+03 2  1.188125000000E+03  9.288109375000E+03 2
  1.167920312500E+03  4.032250000000E+03 0.0000000    0.0000    0FSP4TR OL OPX CPX
  1.168720312500E+03  4.032250000000E+03 0.0000000    0.0000    0LIQH18 FSP4TR OL OPX CPX
    2   12    0    0    0    0
  1.223750000000E+03  2.678734375000E+03 3  1.224804687500E+03  2.813500000000E+03 2  1.226445312500E+03  3.001000000000E+03 2  1.236992187500E+03  4.501000000000E+03 2  1.240507812500E+03  5.251000000000E+03 2  1.242851562500E+03  6.001000000000E+03 2  1.242148437500E+03  7.501000000000E+03 2
  1.238398437500E+03  8.251000000000E+03 2  1.235000000000E+03  8.655296875000E+03 2  1.231367187500E+03  9.001000000000E+03 2  1.231250000000E+03  9.018578125000E+03 2  1.230429687500E+03  9.094750000000E+03 2
  1.223750000000E+03  2.698734375000E+03 0.0000000    0.0000    0LIQH18 FSP4TR OL OPX CPX
  1.223750000000E+03  2.658734375000E+03 0.0000000    0.0000    0LIQH18 OL OPX CPX
    2   21    0    0    0    0
  1.223750000000E+03  2.655296875000E+03 3  1.226679687500E+03  2.813500000000E+03 2  1.227500000000E+03  2.866234375000E+03 2  1.229960937500E+03  3.001000000000E+03 2  1.250000000000E+03  4.155296875000E+03 2  1.255742187500E+03  4.501000000000E+03 2  1.279414062500E+03  6.001000000000E+03 2
  1.280000000000E+03  6.042015625000E+03 2  1.321835937500E+03  9.001000000000E+03 2  1.340000000000E+03  1.038967187500E+04 2  1.359804687500E+03  1.200100000000E+04 2  1.400000000000E+03  1.547560937500E+04 2  1.427070312500E+03  1.800100000000E+04 2  1.458007812500E+03  2.100100000000E+04 2
  1.460000000000E+03  2.120607812500E+04 2  1.487304687500E+03  2.400100000000E+04 2  1.515898437500E+03  2.700100000000E+04 2  1.520000000000E+03  2.745217187500E+04 2  1.529726562500E+03  2.850100000000E+04 2  1.533242187500E+03  2.887600000000E+04 2  1.534179687500E+03  2.896975000000E+04 2
  1.223750000000E+03  2.675296875000E+03 0.0000000    0.0000    0LIQH18 OL OPX CPX
  1.223750000000E+03  2.635296875000E+03 0.0000000    0.0000    0LIQH18 OL OPX
    2   20    0    0    0    0
  1.216250000000E+03  1.448265625000E+03 3  1.218476562500E+03  1.501000000000E+03 2  1.220000000000E+03  1.542015625000E+03 2  1.235000000000E+03  1.917015625000E+03 2  1.248007812500E+03  2.251000000000E+03 2  1.250000000000E+03  2.303734375000E+03 2  1.276132812500E+03  3.001000000000E+03 2
  1.280000000000E+03  3.100609375000E+03 2  1.340000000000E+03  4.811546875000E+03 2  1.378789062500E+03  6.001000000000E+03 2  1.400000000000E+03  6.674828125000E+03 2  1.520000000000E+03  1.076467187500E+04 2  1.554570312500E+03  1.200100000000E+04 2  1.580000000000E+03  1.290920312500E+04 2
  1.596757812500E+03  1.350100000000E+04 2  1.610000000000E+03  1.396389062500E+04 2  1.618320312500E+03  1.425100000000E+04 2  1.625000000000E+03  1.447951562500E+04 2  1.629570312500E+03  1.462600000000E+04 2  1.630625000000E+03  1.465529687500E+04 2
  1.216250000000E+03  1.468265625000E+03 0.0000000    0.0000    0LIQH18 OL OPX
  1.216250000000E+03  1.428265625000E+03 0.0000000    0.0000    0LIQH18 OL OPX SPN
    2   15    0    0    0    0
  1.178750000000E+03  1.028420312500E+04 3  1.179570312500E+03  1.031350000000E+04 2  1.182500000000E+03  1.043654687500E+04 2  1.184023437500E+03  1.050100000000E+04 2  1.190000000000E+03  1.075295312500E+04 2  1.218476562500E+03  1.200100000000E+04 2  1.280000000000E+03  1.492482812500E+04 2
  1.337773437500E+03  1.800100000000E+04 2  1.340000000000E+03  1.813576562500E+04 2  1.363554687500E+03  1.950100000000E+04 2  1.370000000000E+03  1.988185937500E+04 2  1.375976562500E+03  2.025100000000E+04 2  1.385000000000E+03  2.080764062500E+04 2  1.385117187500E+03  2.081350000000E+04 2
  1.386523437500E+03  2.090725000000E+04 2
  1.178750000000E+03  1.030420312500E+04 0.0000000    0.0000    0OL OPX CPX SPN
  1.178750000000E+03  1.026420312500E+04 0.0000000    0.0000    0LIQH18 OL OPX CPX SPN
    2   19    0    0    0    0
  1.229726562500E+03  9.188500000000E+03 3  1.231250000000E+03  9.276390625000E+03 2  1.232773437500E+03  9.376000000000E+03 2  1.235000000000E+03  9.499046875000E+03 2  1.239101562500E+03  9.751000000000E+03 2  1.250000000000E+03  1.041310937500E+04 2  1.251523437500E+03  1.050100000000E+04 2
  1.275664062500E+03  1.200100000000E+04 2  1.280000000000E+03  1.228810937500E+04 2  1.364023437500E+03  1.800100000000E+04 2  1.370000000000E+03  1.842873437500E+04 2  1.384414062500E+03  1.950100000000E+04 2  1.385000000000E+03  1.954201562500E+04 2  1.394492187500E+03  2.025100000000E+04 2
  1.399414062500E+03  2.062600000000E+04 2  1.400000000000E+03  2.067873437500E+04 2  1.404101562500E+03  2.100100000000E+04 2  1.406679687500E+03  2.118850000000E+04 2  1.407500000000E+03  2.125295312500E+04 2
  1.229326562500E+03  9.188500000000E+03 0.0000000    0.0000    0LIQH18 OL OPX CPX SPN
  1.230126562500E+03  9.188500000000E+03 0.0000000    0.0000    0LIQH18 OL OPX CPX
    2   15    0    0    0    0
  8.636328125000E+02  1.584475000000E+04 3  8.637500000000E+02  1.586232812500E+04 2  8.645703125000E+02  1.593850000000E+04 2  8.664453125000E+02  1.612600000000E+04 2  8.675000000000E+02  1.623732812500E+04 2  8.697265625000E+02  1.650100000000E+04 2  8.802734375000E+02  1.800100000000E+04 2
  8.861328125000E+02  1.950100000000E+04 2  8.870703125000E+02  2.100100000000E+04 2  8.833203125000E+02  2.250100000000E+04 2  8.751171875000E+02  2.400100000000E+04 2  8.600000000000E+02  2.583498437500E+04 2  8.481640625000E+02  2.700100000000E+04 2  8.120703125000E+02  3.000100000000E+04 2
  8.000000000000E+02  3.089748437500E+04 2
  8.632328125000E+02  1.584475000000E+04 0.0000000    0.0000    0OL GRT OPX CPX ru
  8.640328125000E+02  1.584475000000E+04 0.0000000    0.0000    0OL GRT OPX CPX
    2   17    0    0    0    0
  8.637500000000E+02  1.580373437500E+04 3  8.675000000000E+02  1.576857812500E+04 2  8.687890625000E+02  1.575100000000E+04 2  8.750000000000E+02  1.569826562500E+04 2  8.900000000000E+02  1.560451562500E+04 2  9.200000000000E+02  1.553420312500E+04 2  9.800000000000E+02  1.566310937500E+04 2
  1.040000000000E+03  1.602639062500E+04 2  1.100000000000E+03  1.656545312500E+04 2  1.160000000000E+03  1.725685937500E+04 2  1.215195312500E+03  1.800100000000E+04 2  1.280000000000E+03  1.901467187500E+04 2  1.340000000000E+03  2.009279687500E+04 2  1.370000000000E+03  2.069045312500E+04 2
  1.384882812500E+03  2.100100000000E+04 2  1.385000000000E+03  2.100685937500E+04 2  1.386875000000E+03  2.104201562500E+04 2
  8.637500000000E+02  1.582373437500E+04 0.0000000    0.0000    0OL GRT OPX CPX
  8.637500000000E+02  1.578373437500E+04 0.0000000    0.0000    0OL GRT OPX CPX SPN
    2   15    0    0    0    0
  8.000000000000E+02  1.286232812500E+04 3  8.300000000000E+02  1.307326562500E+04 2  8.600000000000E+02  1.329592187500E+04 2  9.200000000000E+02  1.381154687500E+04 2  9.800000000000E+02  1.440920312500E+04 2  1.033085937500E+03  1.500100000000E+04 2  1.040000000000E+03  1.508889062500E+04 2
  1.100000000000E+03  1.585060937500E+04 2  1.160000000000E+03  1.670607812500E+04 2  1.239804687500E+03  1.800100000000E+04 2  1.280000000000E+03  1.872170312500E+04 2  1.340000000000E+03  1.989357812500E+04 2  1.370000000000E+03  2.053810937500E+04 2  1.385000000000E+03  2.087795312500E+04 2
  1.386289062500E+03  2.090725000000E+04 2
  8.000000000000E+02  1.288232812500E+04 0.0000000    0.0000    0OL GRT OPX CPX SPN
  8.000000000000E+02  1.284232812500E+04 0.0000000    0.0000    0OL OPX CPX SPN
    2   18    0    0    0    0
  1.632148437500E+03  1.471975000000E+04 3  1.632500000000E+03  1.474904687500E+04 2  1.636367187500E+03  1.500100000000E+04 2  1.640000000000E+03  1.525295312500E+04 2  1.677617187500E+03  1.800100000000E+04 2  1.700000000000E+03  1.981154687500E+04 2  1.713710937500E+03  2.100100000000E+04 2
  1.745351562500E+03  2.400100000000E+04 2  1.760000000000E+03  2.553029687500E+04 2  1.798320312500E+03  3.000100000000E+04 2  1.820000000000E+03  3.287795312500E+04 2  1.820820312500E+03  3.300100000000E+04 2  1.841210937500E+03  3.600100000000E+04 2  1.877304687500E+03  4.200100000000E+04 2
  1.880000000000E+03  4.251076562500E+04 2  1.908007812500E+03  4.800100000000E+04 2  1.935195312500E+03  5.400100000000E+04 2  1.959570312500E+03  6.000100000000E+04 2
  1.631748437500E+03  1.471975000000E+04 0.0000000    0.0000    0LIQH18 OL OPX
  1.632548437500E+03  1.471975000000E+04 0.0000000    0.0000    0LIQH18 OL
    2   20    0    0    0    0
  1.388632812500E+03  2.109475000000E+04 3  1.388750000000E+03  2.110060937500E+04 2  1.390273437500E+03  2.118850000000E+04 2  1.392500000000E+03  2.131154687500E+04 2  1.393554687500E+03  2.137600000000E+04 2  1.400000000000E+03  2.174514062500E+04 2  1.400117187500E+03  2.175100000000E+04 2
  1.412773437500E+03  2.250100000000E+04 2  1.430000000000E+03  2.356154687500E+04 2  1.436914062500E+03  2.400100000000E+04 2  1.460000000000E+03  2.551857812500E+04 2  1.480976562500E+03  2.700100000000E+04 2  1.519414062500E+03  3.000100000000E+04 2  1.520000000000E+03  3.005373437500E+04 2
  1.553164062500E+03  3.300100000000E+04 2  1.580000000000E+03  3.565529687500E+04 2  1.583398437500E+03  3.600100000000E+04 2  1.610351562500E+03  3.900100000000E+04 2  1.611992187500E+03  3.918850000000E+04 2  1.612695312500E+03  3.928225000000E+04 2
  1.388232812500E+03  2.109475000000E+04 0.0000000    0.0000    0OL GRT OPX CPX
  1.389032812500E+03  2.109475000000E+04 0.0000000    0.0000    0LIQH18 OL GRT OPX CPX
    2   15    0    0    0    0
  1.407851562500E+03  2.128225000000E+04 3  1.409375000000E+03  2.134670312500E+04 2  1.409960937500E+03  2.137600000000E+04 2  1.415000000000E+03  2.159279687500E+04 2  1.418632812500E+03  2.175100000000E+04 2  1.430000000000E+03  2.228420312500E+04 2  1.434570312500E+03  2.250100000000E+04 2
  1.460000000000E+03  2.386623437500E+04 2  1.462460937500E+03  2.400100000000E+04 2  1.508164062500E+03  2.700100000000E+04 2  1.520000000000E+03  2.788576562500E+04 2  1.527851562500E+03  2.850100000000E+04 2  1.532539062500E+03  2.887600000000E+04 2  1.533125000000E+03  2.891701562500E+04 2
  1.533710937500E+03  2.896975000000E+04 2
  1.407451562500E+03  2.128225000000E+04 0.0000000    0.0000    0LIQH18 OL GRT OPX CPX
  1.408251562500E+03  2.128225000000E+04 0.0000000    0.0000    0LIQH18 OL OPX CPX
    2   17    0    0    0    0
  1.535820312500E+03  2.915725000000E+04 3  1.536757812500E+03  2.925100000000E+04 2  1.544492187500E+03  3.000100000000E+04 2  1.574726562500E+03  3.300100000000E+04 2  1.580000000000E+03  3.354592187500E+04 2  1.603554687500E+03  3.600100000000E+04 2  1.630976562500E+03  3.900100000000E+04 2
  1.637539062500E+03  3.975100000000E+04 2  1.640000000000E+03  4.002639062500E+04 2  1.656992187500E+03  4.200100000000E+04 2  1.704101562500E+03  4.800100000000E+04 2  1.725429687500E+03  5.100100000000E+04 2  1.730000000000E+03  5.165139062500E+04 2  1.735742187500E+03  5.250100000000E+04 2
  1.745351562500E+03  5.400100000000E+04 2  1.760000000000E+03  5.638576562500E+04 2  1.780507812500E+03  6.000100000000E+04 2
  1.535420312500E+03  2.915725000000E+04 0.0000000    0.0000    0LIQH18 OL GRT OPX CPX
  1.536220312500E+03  2.915725000000E+04 0.0000000    0.0000    0LIQH18 OL GRT OPX
    2   18    0    0    0    0
  1.536523437500E+03  2.915725000000E+04 3  1.536875000000E+03  2.918654687500E+04 2  1.537929687500E+03  2.925100000000E+04 2  1.549414062500E+03  3.000100000000E+04 2  1.580000000000E+03  3.205764062500E+04 2  1.593945312500E+03  3.300100000000E+04 2  1.636132812500E+03  3.600100000000E+04 2
  1.640000000000E+03  3.628810937500E+04 2  1.675742187500E+03  3.900100000000E+04 2  1.700000000000E+03  4.095217187500E+04 2  1.712773437500E+03  4.200100000000E+04 2  1.760000000000E+03  4.623732812500E+04 2  1.778164062500E+03  4.800100000000E+04 2  1.807226562500E+03  5.100100000000E+04 2
  1.820000000000E+03  5.242482812500E+04 2  1.833710937500E+03  5.400100000000E+04 2  1.880000000000E+03  5.992482812500E+04 2  1.880585937500E+03  6.000100000000E+04 2
  1.536123437500E+03  2.915725000000E+04 0.0000000    0.0000    0LIQH18 OL GRT OPX
  1.536923437500E+03  2.915725000000E+04 0.0000000    0.0000    0LIQH18 OL OPX
    2   13    0    0    0    0
  1.613398437500E+03  3.937600000000E+04 3  1.613750000000E+03  3.945217187500E+04 2  1.614335937500E+03  3.956350000000E+04 2  1.615039062500E+03  3.975100000000E+04 2  1.618085937500E+03  4.050100000000E+04 2  1.625585937500E+03  4.200100000000E+04 2  1.640000000000E+03  4.439748437500E+04 2
  1.666132812500E+03  4.800100000000E+04 2  1.690976562500E+03  5.100100000000E+04 2  1.700000000000E+03  5.201467187500E+04 2  1.704335937500E+03  5.250100000000E+04 2  1.705273437500E+03  5.259475000000E+04 2  1.705625000000E+03  5.264748437500E+04 2
  1.612998437500E+03  3.937600000000E+04 0.0000000    0.0000    0OL GRT OPX CPX
  1.613798437500E+03  3.937600000000E+04 0.0000000    0.0000    0OL GRT CPX
    2   12    0    0    0    0
  1.613750000000E+03  3.940529687500E+04 3  1.615039062500E+03  3.956350000000E+04 2  1.616679687500E+03  3.975100000000E+04 2  1.622539062500E+03  4.050100000000E+04 2  1.634492187500E+03  4.200100000000E+04 2  1.640000000000E+03  4.274514062500E+04 2  1.676914062500E+03  4.800100000000E+04 2
  1.695898437500E+03  5.100100000000E+04 2  1.700000000000E+03  5.166310937500E+04 2  1.705039062500E+03  5.250100000000E+04 2  1.705507812500E+03  5.259475000000E+04 2  1.705625000000E+03  5.261232812500E+04 2
  1.613750000000E+03  3.942529687500E+04 0.0000000    0.0000    0OL GRT CPX
  1.613750000000E+03  3.938529687500E+04 0.0000000    0.0000    0LIQH18 OL GRT CPX
    2   13    0    0    0    0
  1.613750000000E+03  3.939357812500E+04 3  1.615273437500E+03  3.956350000000E+04 2  1.617148437500E+03  3.975100000000E+04 2  1.623945312500E+03  4.050100000000E+04 2  1.636601562500E+03  4.200100000000E+04 2  1.640000000000E+03  4.241701562500E+04 2  1.679726562500E+03  4.800100000000E+04 2
  1.697304687500E+03  5.100100000000E+04 2  1.700000000000E+03  5.149904687500E+04 2  1.705273437500E+03  5.250100000000E+04 2  1.705625000000E+03  5.258889062500E+04 2  1.705742187500E+03  5.259475000000E+04 2  1.706210937500E+03  5.268850000000E+04 2
  1.613750000000E+03  3.941357812500E+04 0.0000000    0.0000    0LIQH18 OL GRT CPX
  1.613750000000E+03  3.937357812500E+04 0.0000000    0.0000    0LIQH18 OL GRT OPX CPX
    2    7    0    0    0    0
  1.706679687500E+03  5.278225000000E+04 3  1.707148437500E+03  5.287600000000E+04 2  1.707500000000E+03  5.294045312500E+04 2  1.709257812500E+03  5.325100000000E+04 2  1.713476562500E+03  5.400100000000E+04 2  1.729414062500E+03  5.700100000000E+04 2  1.744414062500E+03  6.000100000000E+04 2
  1.706279687500E+03  5.278225000000E+04 0.0000000    0.0000    0OL GRT OPX CPX
  1.707079687500E+03  5.278225000000E+04 0.0000000    0.0000    0LIQH18 OL GRT OPX CPX
    2   12    0    0    0    0
  8.000000000000E+02  7.764671875000E+03 3  8.600000000000E+02  8.245140625000E+03 2  8.900000000000E+02  8.479515625000E+03 2  9.200000000000E+02  8.702171875000E+03 2  9.500000000000E+02  8.924828125000E+03 2  9.611328125000E+02  9.001000000000E+03 2  9.800000000000E+02  9.135765625000E+03 2
  1.040000000000E+03  9.522484375000E+03 2  1.100000000000E+03  9.885765625000E+03 2  1.160000000000E+03  1.019045312500E+04 2  1.175000000000E+03  1.026076562500E+04 2  1.176875000000E+03  1.027248437500E+04 2
  8.000000000000E+02  7.744671875000E+03 0.0000000    0.0000    0FSP4TR OL OPX CPX SPN
  8.000000000000E+02  7.784671875000E+03 0.0000000    0.0000    0OL OPX CPX SPN
    2    6    0    0    0    0
  8.000000000000E+02  1.304982812500E+04 3  8.151171875000E+02  1.350100000000E+04 2  8.300000000000E+02  1.402248437500E+04 2  8.505078125000E+02  1.500100000000E+04 2  8.600000000000E+02  1.559279687500E+04 2  8.624609375000E+02  1.575100000000E+04 2
  8.000000000000E+02  1.302982812500E+04 0.0000000    0.0000    0OL GRT OPX CPX SPN
  8.000000000000E+02  1.306982812500E+04 0.0000000    0.0000    0OL GRT OPX CPX SPN ru
    2    7    0    0    0    0
  8.000000000000E+02  1.762014062500E+04 3  8.038671875000E+02  1.725100000000E+04 2  8.150000000000E+02  1.667092187500E+04 2  8.202734375000E+02  1.650100000000E+04 2  8.300000000000E+02  1.624904687500E+04 2  8.600000000000E+02  1.583889062500E+04 2  8.618750000000E+02  1.581545312500E+04 2
  8.000000000000E+02  1.760014062500E+04 0.0000000    0.0000    0OL GRT OPX CPX SPN ru
  8.000000000000E+02  1.764014062500E+04 0.0000000    0.0000    0OL GRT OPX CPX ru
    2    8    0    0    0    0
  1.386875000000E+03  2.091310937500E+04 3  1.388750000000E+03  2.094826562500E+04 2  1.391445312500E+03  2.100100000000E+04 2  1.392500000000E+03  2.101857812500E+04 2  1.400000000000E+03  2.114748437500E+04 2  1.402226562500E+03  2.118850000000E+04 2  1.403750000000E+03  2.121779687500E+04 2
  1.405625000000E+03  2.124123437500E+04 2
  1.386875000000E+03  2.089310937500E+04 0.0000000    0.0000    0LIQH18 OL OPX CPX SPN
  1.386875000000E+03  2.093310937500E+04 0.0000000    0.0000    0LIQH18 OL GRT OPX CPX SPN
    2    5    0    0    0    0
  1.388750000000E+03  2.107717187500E+04 3  1.392500000000E+03  2.112404687500E+04 2  1.400000000000E+03  2.121779687500E+04 2  1.403750000000E+03  2.125295312500E+04 2  1.405625000000E+03  2.126467187500E+04 2
  1.388750000000E+03  2.105717187500E+04 0.0000000    0.0000    0LIQH18 OL GRT OPX CPX SPN
  1.388750000000E+03  2.109717187500E+04 0.0000000    0.0000    0LIQH18 OL GRT OPX CPX
    2    9    0    0    0    0
  1.199375000000E+03  9.443593750000E+02 3  1.199257812500E+03  9.385000000000E+02 2  1.197500000000E+03  8.740468750000E+02 2  1.194335937500E+03  7.510000000000E+02 2  1.190000000000E+03  5.927968750000E+02 2  1.183789062500E+03  3.760000000000E+02 2  1.182500000000E+03  3.349843750000E+02 2
  1.175000000000E+03  8.889062500000E+01 2  1.173125000000E+03  3.029687500000E+01 2
  1.199375000000E+03  9.243593750000E+02 0.0000000    0.0000    0LIQH18 FSP4TR OL OPX CPX SPN
  1.199375000000E+03  9.643593750000E+02 0.0000000    0.0000    0LIQH18 FSP4TR OL OPX CPX
    2   15    0    0    0    0
  1.163750000000E+03  4.201562500000E+01 3  1.165742187500E+03  1.885000000000E+02 2  1.167500000000E+03  3.467031250000E+02 2  1.167851562500E+03  3.760000000000E+02 2  1.172070312500E+03  7.510000000000E+02 2  1.175000000000E+03  1.026390625000E+03 2  1.179335937500E+03  1.501000000000E+03 2
  1.184023437500E+03  2.251000000000E+03 2  1.185195312500E+03  3.001000000000E+03 2  1.182851562500E+03  3.376000000000E+03 2  1.182500000000E+03  3.405296875000E+03 2  1.175585937500E+03  3.751000000000E+03 2  1.175000000000E+03  3.768578125000E+03 2  1.171250000000E+03  3.874046875000E+03 2
  1.168554687500E+03  3.938500000000E+03 2
  1.163750000000E+03  6.201562500000E+01 0.0000000    0.0000    0LIQH18 FSP4TR OL OPX CPX SPN
  1.163750000000E+03  2.201562500000E+01 0.0000000    0.0000    0LIQH18 FSP4TR OL OPX CPX
    2    4    0    0    0    0
  1.215664062500E+03  1.501000000000E+03 3  1.220000000000E+03  2.116234375000E+03 2  1.220820312500E+03  2.251000000000E+03 2  1.223398437500E+03  2.626000000000E+03 2
  1.216064062500E+03  1.501000000000E+03 0.0000000    0.0000    0LIQH18 OL OPX
  1.215264062500E+03  1.501000000000E+03 0.0000000    0.0000    0LIQH18 FSP4TR OL OPX
    2    7    0    0    0    0
  1.201132812500E+03  1.032250000000E+03 3  1.201250000000E+03  1.049828125000E+03 2  1.202539062500E+03  1.126000000000E+03 2  1.205000000000E+03  1.295921875000E+03 2  1.207929687500E+03  1.501000000000E+03 2  1.220000000000E+03  2.374046875000E+03 2  1.223164062500E+03  2.626000000000E+03 2
  1.201532812500E+03  1.032250000000E+03 0.0000000    0.0000    0LIQH18 FSP4TR OL OPX
  1.200732812500E+03  1.032250000000E+03 0.0000000    0.0000    0LIQH18 FSP4TR OL OPX CPX
    2    6    0    0    0    0
  1.188125000000E+03  9.299828125000E+03 3  1.190000000000E+03  9.311546875000E+03 2  1.205000000000E+03  9.381859375000E+03 2  1.220000000000E+03  9.323265625000E+03 2  1.227500000000E+03  9.206078125000E+03 2  1.228554687500E+03  9.188500000000E+03 2
  1.188125000000E+03  9.319828125000E+03 0.0000000    0.0000    0LIQH18 FSP4TR OL OPX CPX SPN
  1.188125000000E+03  9.279828125000E+03 0.0000000    0.0000    0LIQH18 FSP4TR OL OPX CPX
    2    9    0    0    0    0
  1.178750000000E+03  1.027248437500E+04 3  1.182500000000E+03  1.026076562500E+04 2  1.190000000000E+03  1.020217187500E+04 2  1.205000000000E+03  9.979515625000E+03 2  1.213554687500E+03  9.751000000000E+03 2  1.220000000000E+03  9.545921875000E+03 2  1.224335937500E+03  9.376000000000E+03 2
  1.227500000000E+03  9.252953125000E+03 2  1.229023437500E+03  9.188500000000E+03 2
  1.178750000000E+03  1.025248437500E+04 0.0000000    0.0000    0LIQH18 FSP4TR OL OPX CPX SPN
  1.178750000000E+03  1.029248437500E+04 0.0000000    0.0000    0LIQH18 OL OPX CPX SPN
    2    2    0    0    0    0
  1.386875000000E+03  2.093654687500E+04 3  1.387460937500E+03  2.100100000000E+04 2
  1.386875000000E+03  2.095654687500E+04 0.0000000    0.0000    0OL GRT OPX CPX SPN
  1.386875000000E+03  2.091654687500E+04 0.0000000    0.0000    0LIQH18 OL GRT OPX CPX SPN
    2    6    0    0    0    0
  8.975000000000E+02  4.448265625000E+03 3  9.050000000000E+02  4.225609375000E+03 2  9.087500000000E+02  4.307640625000E+03 2  9.088671875000E+02  4.313500000000E+03 2  9.102734375000E+02  4.407250000000E+03 2  9.106250000000E+02  4.448265625000E+03 2
  8.975000000000E+02  4.428265625000E+03 0.0000000    0.0000    0FSP4TR OL OPX CPX SPN ru
  8.975000000000E+02  4.468265625000E+03 0.0000000    0.0000    0FSP4TR OL OPX CPX ru
    2    6    0    0    0    0
  1.201250000000E+03  1.002953125000E+03 3  1.205000000000E+03  1.120140625000E+03 2  1.205351562500E+03  1.126000000000E+03 2  1.212500000000E+03  1.342796875000E+03 2  1.214375000000E+03  1.389671875000E+03 2  1.214726562500E+03  1.407250000000E+03 2
  1.201250000000E+03  9.829531250000E+02 0.0000000    0.0000    0LIQH18 FSP4TR OL OPX SPN
  1.201250000000E+03  1.022953125000E+03 0.0000000    0.0000    0LIQH18 FSP4TR OL OPX
    2    4    0    0    0    0
  9.238671875000E+02  6.657250000000E+03 3  9.243359375000E+02  6.751000000000E+03 2  9.255078125000E+02  6.844750000000E+03 2  9.256250000000E+02  6.850609375000E+03 2
  9.242671875000E+02  6.657250000000E+03 0.0000000    0.0000    0FSP4TR OL OPX CPX SPN ru
  9.234671875000E+02  6.657250000000E+03 0.0000000    0.0000    0FSP4TR OL OPX CPX (2)SPN ru
    2    3    0    0    0    0
  9.248046875000E+02  6.751000000000E+03 3  9.256250000000E+02  6.827171875000E+03 2  9.257421875000E+02  6.844750000000E+03 2
  9.244046875000E+02  6.751000000000E+03 0.0000000    0.0000    0FSP4TR OL OPX CPX (2)SPN ru
  9.252046875000E+02  6.751000000000E+03 0.0000000    0.0000    0FSP4TR OL OPX CPX (2)SPN
    2    5    0    0    0    0
  9.256250000000E+02  6.686546875000E+03 3  9.275000000000E+02  6.709984375000E+03 2  9.313671875000E+02  6.751000000000E+03 2  9.312500000000E+02  6.862328125000E+03 2  9.275000000000E+02  6.885765625000E+03 2
  9.256250000000E+02  6.706546875000E+03 0.0000000    0.0000    0FSP4TR OL OPX CPX (2)SPN
  9.256250000000E+02  6.666546875000E+03 0.0000000    0.0000    0FSP4TR OL OPX CPX SPN
    2    6    0    0    0    0
  9.481250000000E+02  6.721703125000E+03 3  9.462500000000E+02  6.745140625000E+03 2  9.456640625000E+02  6.751000000000E+03 2  9.462500000000E+02  6.932640625000E+03 2  9.466015625000E+02  6.938500000000E+03 2  9.481250000000E+02  6.956078125000E+03 2
  9.481250000000E+02  6.701703125000E+03 0.0000000    0.0000    0FSP4TR OL OPX CPX SPN
  9.481250000000E+02  6.741703125000E+03 0.0000000    0.0000    0FSP4TR OL OPX CPX
    2    5    0    0    0    0
  1.187773437500E+03  9.376000000000E+03 3  1.184726562500E+03  9.751000000000E+03 2  1.182500000000E+03  9.967796875000E+03 2  1.180507812500E+03  1.012600000000E+04 2  1.178750000000E+03  1.026076562500E+04 2
  1.187373437500E+03  9.376000000000E+03 0.0000000    0.0000    0FSP4TR OL OPX CPX SPN
  1.188173437500E+03  9.376000000000E+03 0.0000000    0.0000    0LIQH18 FSP4TR OL OPX CPX SPN
    2    2    0    0    0    0
  1.534882812500E+03  2.906350000000E+04 3  1.535000000000E+03  2.906935937500E+04 2
  1.535282812500E+03  2.906350000000E+04 0.0000000    0.0000    0LIQH18 OL OPX
  1.534482812500E+03  2.906350000000E+04 0.0000000    0.0000    0LIQH18 OL GRT OPX CPX
    2    1    0    0    0    0
  1.407500000000E+03  2.127639062500E+04 3
  1.407500000000E+03  2.125639062500E+04 0.0000000    0.0000    0LIQH18 OL OPX CPX SPN
  1.407500000000E+03  2.129639062500E+04 0.0000000    0.0000    0LIQH18 OL GRT OPX CPX
    2    1    0    0    0    0
  1.613632812500E+03  3.937600000000E+04 3
  1.613232812500E+03  3.937600000000E+04 0.0000000    0.0000    0OL GRT CPX
  1.614032812500E+03  3.937600000000E+04 0.0000000    0.0000    0LIQH18 OL GRT OPX CPX
    2    1    0    0    0    0
  1.705976562500E+03  5.268850000000E+04 3
  1.705576562500E+03  5.268850000000E+04 0.0000000    0.0000    0OL GRT OPX CPX
  1.706376562500E+03  5.268850000000E+04 0.0000000    0.0000    0LIQH18 OL GRT CPX
    2    1    0    0    0    0
  1.229375000000E+03  9.170921875000E+03 3
  1.229375000000E+03  9.150921875000E+03 0.0000000    0.0000    0LIQH18 FSP4TR OL OPX CPX
  1.229375000000E+03  9.190921875000E+03 0.0000000    0.0000    0LIQH18 OL OPX CPX SPN
