446.1798885   3345.111211   0              Temperature [degree C], Pressure [bar] and time [my]. (time starts at zero)
523.5806217   6935.512543   15.48014664
560.0445104   9270.833333   22.77292437
567.5519288   9739.583333   24.27440805
577.1068249   10062.5       26.18538728
588.0267062   10145.83333   28.36936354
601.3353116   9968.75       31.03108461
607.1364985   9625          32.19132199
610.1         9229.166667   32.78402229
606.7952522   8781.25       33.44497185
598.264095    8250          35.1512033
551.9148187   5687.51208    44.42105855
454.8183632   3210.711161   63.84034965
