NULLPT    5   3
FONT      Helvetica 
FAT   0.02
PUNKTE   97  0.5   16.0000  0.25  999  999 
FAT   0.02
PUNKTE   98  0.5   16.0000  0.25  999  999 
FAT   0.03
NPLOG2  
L:ternary                                                                       
T=1470.00[C] P=1.0[Bar]                                                         
  0.000000000000E+00  1.000000000000E+00  0.000000000000E+00  1.000000000000E+00   15.0000   15.0000  0  0
    8    0    0    0    0    0
  0.000000000000E+00  1.053333333333E+00 0.2000000    0.0000    0Bulk(1)= AL2O3(1)                                                                                   
  0.000000000000E+00  1.076666666667E+00 0.2000000    0.0000    0Bulk(2)= CAO(1)                                                                                     
  0.000000000000E+00  1.100000000000E+00 0.2000000    0.0000    0Bulk(3)= SIO2(1)                                                                                    
  1.000000000000E+00 -1.333333333333E-01 0.2000000    0.0000    024.06.2020 - 11:09:19  CPU time:    0h 00m 18.58s                                                   
  1.100000000000E+00  1.000000000000E+00 0.2000000    0.0000    0                                                                                                    
  1.100000000000E+00  9.766666666667E-01 0.2000000    0.0000    0domino version: 09.03.2019                                                                          
  1.100000000000E+00  9.533333333333E-01 0.2000000    0.0000    0database: sialca                                                                                    
  1.100000000000E+00  9.300000000000E-01 0.2000000    0.0000    0*LIQUID: ideal+margules                                                                             
   -1    2    0    0    0    0
  0.000000000000E+00  0.000000000000E+00 3  5.000000000000E-01  8.660254000000E-01 2
    1    0    0    0    0    0
  3.322763286212E-01  2.171785547261E-01 0.2400000   50.6918    12                                                                                                   
   -1   15    0    0    0    0
  1.426757812500E-01  0.000000000000E+00 3  2.141601562500E-01  8.660254000000E-02 2  2.856445312500E-01  1.732050800000E-01 2  3.235523643212E-01  2.191514832332E-01 2  3.336425781250E-01  2.314757343555E-01 3  3.358861466946E-01  2.342048780379E-01 3  3.569335937500E-01  2.598076200000E-01 2
  4.284179687500E-01  3.464101600000E-01 2  4.463867187500E-01  3.680607950000E-01 2  4.641601562500E-01  3.897114300000E-01 2  4.819335937500E-01  4.113620650000E-01 2  4.909179687500E-01  4.221873825000E-01 2  4.954101562500E-01  4.276000412500E-01 2  4.975585937500E-01  4.303063706250E-01 2
  4.987304687500E-01  4.316595353125E-01 2
    3    0    0    0    0    0
  3.255762835860E-01  1.716629742758E-01 0.2000000   42.0261    7*LIQUID                                                                                             
  3.801201010414E-01  2.208194816755E-01 0.2000000   42.0261    61Ca6Al                                                                                              
  4.278189522136E-01  2.638070445524E-01 0.2000000   41.9807    4Anor                                                                                                
    2    0    0    0    0    0
  3.582500629160E-01  1.688011061802E-01 0.2000000   42.0261    7*LIQUID                                                                                             
  4.127938803714E-01  2.179576135798E-01 0.2000000   42.0261    61Ca6Al                                                                                              
   -1   11    0    0    0    0
  1.428710937500E-01  0.000000000000E+00 3  2.389648437500E-01  8.660254000000E-02 2  2.618652343750E-01  1.071537286914E-01 2  3.352539062500E-01  1.732050800000E-01 2  4.313476562500E-01  2.598076200000E-01 2  4.701660156250E-01  2.947361834961E-01 2  4.793945312500E-01  3.031088900000E-01 2
  5.034179687500E-01  3.247595250000E-01 2  5.092285156250E-01  3.299184653711E-01 2  5.094726562500E-01  3.301721837500E-01 2  5.125976562500E-01  3.328785131250E-01 2
    1    0    0    0    0    0
  3.667115777521E-01  1.352794217888E-01 0.2400000   32.9352    14                                                                                                   
   -1   15    0    0    0    0
  1.430664062500E-01  0.000000000000E+00 3  2.340332031250E-01  5.894723669922E-02 2  2.768554687500E-01  8.660254000000E-02 2  3.590049149322E-01  1.398189535025E-01 2  3.754398557582E-01  1.504655086229E-01 3  3.937011718750E-01  1.622951897070E-01 2  4.104492187500E-01  1.732050800000E-01 2
  4.735839843750E-01  2.140537390039E-01 2  4.774414062500E-01  2.165063500000E-01 2  5.108398437500E-01  2.381569850000E-01 2  5.135253906250E-01  2.399330136523E-01 2  5.192382812500E-01  2.435696437500E-01 2  5.234863281250E-01  2.463605459180E-01 2  5.254882812500E-01  2.476291378125E-01 2
  5.260253906250E-01  2.480520017773E-01 2
    1    2    0    0    3    0
  3.002494915805E-01  1.684748390993E-02 3  3.333797400375E-01  5.167770821888E-03 2
  2.848315895005E-01  1.227027027027E-02 0.2400000    0.0000    15                                                                                                   
   -1    3    0    0    0    0
  3.333007812500E-01  0.000000000000E+00 3  3.375976562500E-01  5.412658750000E-03 2  3.397460937500E-01  8.118988125000E-03 2
    1    0    0    0    0    0
  4.818810276193E-01  1.001318358743E-01 0.2400000   36.6495    16                                                                                                   
   -1   25    0    0    0    0
  3.334960937500E-01  0.000000000000E+00 3  3.404785156250E-01  5.158940371094E-03 2  3.481445312500E-01  1.082531750000E-02 2  3.623535156250E-01  2.139691662109E-02 2  3.918945312500E-01  4.330127000000E-02 2  4.061035156250E-01  5.387286912109E-02 2  4.209960937500E-01  6.495190500000E-02 2
  4.498535156250E-01  8.634882162109E-02 2  4.502929687500E-01  8.660254000000E-02 2  4.738963650571E-01  1.041627145853E-01 2  4.793945312500E-01  1.082531750000E-01 3  4.893543569336E-01  1.156633657402E-01 3  5.084960937500E-01  1.299038100000E-01 2  5.373535156250E-01  1.513007266211E-01 2
  5.668945312500E-01  1.732050800000E-01 2  5.811035156250E-01  1.837766791211E-01 2  5.959960937500E-01  1.948557150000E-01 2  6.029785156250E-01  2.000146553711E-01 2  6.106445312500E-01  2.056810325000E-01 2  6.139160156250E-01  2.081336434961E-01 2  6.178710937500E-01  2.110936912500E-01 2
  6.193847656250E-01  2.121931375586E-01 2  6.215820312500E-01  2.138000206250E-01 2  6.221191406250E-01  2.142228845898E-01 2  6.233398437500E-01  2.151531853125E-01 2
    1    0    0    0    0    0
  5.667277251635E-01  9.940666421818E-02 0.2400000   60.0000    17                                                                                                   
   -1   12    0    0    0    0
  5.000976562500E-01  0.000000000000E+00 3  5.250976562500E-01  4.330127000000E-02 2  5.500976562500E-01  8.660254000000E-02 2  5.577995219343E-01  9.994256261994E-02 2  5.673957905657E-01  1.165637873801E-01 3  5.750976562500E-01  1.299038100000E-01 2  6.000976562500E-01  1.732050800000E-01 2
  6.125976562500E-01  1.948557150000E-01 2  6.188476562500E-01  2.056810325000E-01 2  6.219726562500E-01  2.110936912500E-01 2  6.235351562500E-01  2.138000206250E-01 2  6.243164062500E-01  2.151531853125E-01 2
    1    0    0    0    0    0
  5.703300261751E-01  4.398685597436E-02 0.2400000   37.6594    18                                                                                                   
   -1   12    0    0    0    0
  5.002929687500E-01  0.000000000000E+00 3  5.563476562500E-01  4.330127000000E-02 2  5.622756721154E-01  4.787624933089E-02 2  5.776050818311E-01  5.970680683887E-02 3  5.899902343750E-01  6.926511744141E-02 2  5.983398437500E-01  7.577722250000E-02 2  6.013183593750E-01  7.806068791016E-02 2
  6.053710937500E-01  8.118988125000E-02 2  6.068847656250E-01  8.228932755859E-02 2  6.088867187500E-01  8.389621062500E-02 2  6.097167968750E-01  8.448822017578E-02 2  6.106445312500E-01  8.524937531250E-02 2
    1    0    0    0    0    0
  6.067578906886E-01  4.997401316865E-02 0.2400000  -88.4498    19                                                                                                   
   -1    9    0    0    0    0
  6.147460937500E-01  0.000000000000E+00 3  6.148925781250E-01  2.579470185547E-02 2  6.149177480302E-01  3.481898161770E-02 2  6.149414062500E-01  4.330127000000E-02 3  6.146467490553E-01  5.418897623749E-02 3  6.143554687500E-01  6.495190500000E-02 2  6.142089843750E-01  6.791195275391E-02 2
  6.133789062500E-01  7.577722250000E-02 2  6.120605468750E-01  8.584138486328E-02 2
    1    0    0    0    0    0
  7.100921412644E-01  3.085667795462E-02 0.2400000   53.8441    210                                                                                                  
   -1    6    0    0    0    0
  6.790039062500E-01  0.000000000000E+00 3  7.015035076577E-01  3.218205119409E-02 2  7.092773437500E-01  4.330127000000E-02 3  7.190837487257E-01  5.672166828798E-02 3  7.409179687500E-01  8.660254000000E-02 2  7.418945312500E-01  8.795570468750E-02 2
    1    0    0    0    0    0
  7.360180668402E-01  6.661352655166E-02 0.2400000  -84.9782    211                                                                                                  
   -1    7    0    0    0    0
  7.499023437500E-01  0.000000000000E+00 3  7.462797714536E-01  4.122565251482E-02 2  7.436372207339E-01  7.129844853010E-02 3  7.433105468750E-01  7.501606736328E-02 2  7.422851562500E-01  8.660254000000E-02 2  7.422363281250E-01  8.668711279297E-02 2  7.420898437500E-01  8.795570468750E-02 2
    1    0    0    0    0    0
  8.054760863879E-01  7.957996310359E-02 0.2400000   60.0000    212                                                                                                  
   -1   11    0    0    0    0
  7.502929687500E-01  0.000000000000E+00 3  7.965478831586E-01  8.011586150534E-02 2  8.002929687500E-01  8.660254000000E-02 3  8.116422210081E-01  1.062600214530E-01 3  8.252929687500E-01  1.299038100000E-01 2  8.502929687500E-01  1.732050800000E-01 2  8.627929687500E-01  1.948557150000E-01 2
  8.690429687500E-01  2.056810325000E-01 2  8.721679687500E-01  2.110936912500E-01 2  8.737304687500E-01  2.138000206250E-01 2  8.745117187500E-01  2.151531853125E-01 2
    2    0    0    0    0    0
  2.697783283368E-01  3.185193955119E-01 0.2000000   48.6129    7*LIQUID                                                                                             
  3.181587536759E-01  3.737094559018E-01 0.2000000   48.9593    3Cor                                                                                                 
    3    0    0    0    0    0
  2.733616501670E-01  2.857256624346E-01 0.2000000   48.9798    7*LIQUID                                                                                             
  3.215820938153E-01  3.410897243427E-01 0.2000000   48.9593    3Cor                                                                                                 
  3.443538628833E-01  3.672480569149E-01 0.2000000   48.9593    4Anor                                                                                                
   -1   16    0    0    0    0
  4.394531250000E-04  7.611551367187E-04 3  1.865234375000E-02  2.165063500000E-02 2  3.740234375000E-02  4.330127000000E-02 2  5.634765625000E-02  6.495190500000E-02 2  7.456054687500E-02  8.584138486328E-02 2  7.529296875000E-02  8.660254000000E-02 2  1.129882812500E-01  1.299038100000E-01 2
  1.487792968750E-01  1.710907601758E-01 2  1.506835937500E-01  1.732050800000E-01 2  2.260742187500E-01  2.598076200000E-01 2  2.972167968750E-01  3.415895108008E-01 2  3.014648437500E-01  3.464101600000E-01 2  3.768554687500E-01  4.330127000000E-01 2  4.522460937500E-01  5.196152400000E-01 2
  4.711914062500E-01  5.412658750000E-01 2  4.805664062500E-01  5.520911925000E-01 2
    3    0    0    0    0    0
  2.006256659330E-01  1.808868321992E-01 0.2000000   40.8934    7*LIQUID                                                                                             
  2.561372041620E-01  2.289352506524E-01 0.2000000   40.9491    3Cor                                                                                                 
  2.823717183719E-01  2.516145711197E-01 0.2000000   40.9491    4Anor                                                                                                
    3    0    0    0    0    0
  2.194812445041E-01  1.654371994858E-01 0.2000000   40.9491    3Cor                                                                                                 
  2.457157587140E-01  1.881165199531E-01 0.2000000   40.9491    61Ca6Al                                                                                              
  2.942032654881E-01  2.301783946116E-01 0.2000000   40.8934    4Anor                                                                                                
   -1   37    0    0    0    0
  4.882812500000E-05  8.457279296875E-05 3  2.490234375000E-02  2.165063500000E-02 2  4.990234375000E-02  4.330127000000E-02 2  5.004882812500E-02  4.338584279297E-02 2  7.490234375000E-02  6.495190500000E-02 2  9.990234375000E-02  8.660254000000E-02 2  1.000488281250E-01  8.668711279297E-02 2
  1.249023437500E-01  1.082531750000E-01 2  1.499023437500E-01  1.299038100000E-01 2  1.500488281250E-01  1.299883827930E-01 2  1.749023437500E-01  1.515544450000E-01 2  1.999023437500E-01  1.732050800000E-01 2  2.000488281250E-01  1.732896527930E-01 2  2.249023437500E-01  1.948557150000E-01 2
  2.499023437500E-01  2.165063500000E-01 2  2.500488281250E-01  2.165909227930E-01 2  2.749023437500E-01  2.381569850000E-01 2  2.999023437500E-01  2.598076200000E-01 2  3.000488281250E-01  2.598921927930E-01 2  3.249023437500E-01  2.814582550000E-01 2  3.499023437500E-01  3.031088900000E-01 2
  3.500488281250E-01  3.031934627930E-01 2  3.749023437500E-01  3.247595250000E-01 2  3.999023437500E-01  3.464101600000E-01 2  4.000488281250E-01  3.464947327930E-01 2  4.249023437500E-01  3.680607950000E-01 2  4.499023437500E-01  3.897114300000E-01 2  4.500488281250E-01  3.897960027930E-01 2
  4.749023437500E-01  4.113620650000E-01 2  4.750488281250E-01  4.114466377930E-01 2  4.874023437500E-01  4.221873825000E-01 2  4.875488281250E-01  4.222719552930E-01 2  4.936523437500E-01  4.276000412500E-01 2  4.937988281250E-01  4.276846140430E-01 2  4.967773437500E-01  4.303063706250E-01 2
  4.969238281250E-01  4.303909434180E-01 2  4.983398437500E-01  4.316595353125E-01 2
    1    2    0    0    3    0
  4.800217730294E-01  8.632432432432E-02 3  4.359773805601E-01  1.262996599777E-01 2
  4.821489054432E-01  6.632432432432E-02 0.2400000    0.0000    215                                                                                                  
   -1   13    0    0    0    0
  3.407226562500E-01  9.472152812500E-03 3  3.416992187500E-01  1.082531750000E-02 2  3.493652343750E-01  2.055118869141E-02 2  3.502929687500E-01  2.165063500000E-02 2  3.670898437500E-01  4.330127000000E-02 2  3.976074218750E-01  8.245847314453E-02 2  4.008789062500E-01  8.660254000000E-02 2
  4.682617187500E-01  1.732050800000E-01 2  5.020507812500E-01  2.165063500000E-01 2  5.188476562500E-01  2.381569850000E-01 2  5.231445312500E-01  2.435696437500E-01 2  5.252929687500E-01  2.462759731250E-01 2  5.262695312500E-01  2.476291378125E-01 2
    1    2    0    0    3    0
  4.002294729351E-01  1.190259692881E-01 3  4.315559419640E-01  1.276618372915E-01 2
  3.740407973351E-01  1.068648648649E-01 0.2400000    0.0000    216                                                                                                  
   -1   13    0    0    0    0
  3.409179687500E-01  9.472152812500E-03 3  3.418945312500E-01  1.082531750000E-02 2  3.487792968750E-01  1.953631517578E-02 2  3.504882812500E-01  2.165063500000E-02 2  3.674804687500E-01  4.330127000000E-02 2  3.954589843750E-01  7.873727025391E-02 2  4.016601562500E-01  8.660254000000E-02 2
  4.700195312500E-01  1.732050800000E-01 2  5.040039062500E-01  2.165063500000E-01 2  5.211914062500E-01  2.381569850000E-01 2  5.254882812500E-01  2.435696437500E-01 2  5.276367187500E-01  2.462759731250E-01 2  5.286132812500E-01  2.476291378125E-01 2
    1    0    0    0    0    0
  6.239220772940E-01  1.256127783403E-01 0.2400000   84.3330    217                                                                                                  
   -1   12    0    0    0    0
  6.120117187500E-01  8.660254000000E-02 3  6.141601562500E-01  1.082531750000E-01 2  6.145019531250E-01  1.117206595117E-01 2  6.155652559015E-01  1.224223973848E-01 2  6.163085937500E-01  1.299038100000E-01 3  6.185472322298E-01  1.524634351333E-01 3  6.206054687500E-01  1.732050800000E-01 2
  6.227539062500E-01  1.948557150000E-01 2  6.239257812500E-01  2.056810325000E-01 2  6.245117187500E-01  2.110936912500E-01 2  6.247070312500E-01  2.138000206250E-01 2  6.249023437500E-01  2.151531853125E-01 2
    1    0    0    0    0    0
  6.557865712916E-01  1.100489711478E-01 0.2400000   46.5528    218                                                                                                  
   -1   10    0    0    0    0
  6.124511718750E-01  8.651796720703E-02 3  6.127929687500E-01  8.660254000000E-02 2  6.320800781250E-01  9.886559498047E-02 2  6.430664062500E-01  1.082531750000E-01 2  6.472277615664E-01  1.126464268430E-01 2  6.635742187500E-01  1.299038100000E-01 3  6.676733098381E-01  1.348428249554E-01 3
  6.815429687500E-01  1.515544450000E-01 2  6.899414062500E-01  1.623797625000E-01 2  6.940429687500E-01  1.677924212500E-01 2
   -1   15    0    0    0    0
  1.000048828125E+00  8.457279296875E-05 3  9.500976562500E-01  8.660254000000E-02 2  9.500488281250E-01  8.668711279297E-02 2  9.000976562500E-01  1.732050800000E-01 2  9.000488281250E-01  1.732896527930E-01 2  8.875976562500E-01  1.948557150000E-01 2  8.875488281250E-01  1.949402877930E-01 2
  8.813476562500E-01  2.056810325000E-01 2  8.812988281250E-01  2.057656052930E-01 2  8.782226562500E-01  2.110936912500E-01 2  8.781738281250E-01  2.111782640430E-01 2  8.766601562500E-01  2.138000206250E-01 2  8.766113281250E-01  2.138845934180E-01 2  8.758789062500E-01  2.151531853125E-01 2
  8.758300781250E-01  2.152377581055E-01 2
    1    0    0    0    0    0
  6.733236929635E-01  2.479813823115E-01 0.2400000   41.1159    220                                                                                                  
   -1   30    0    0    0    0
  6.944824218750E-01  1.690610131445E-01 3  6.922851562500E-01  1.704987506250E-01 2  6.922363281250E-01  1.705833234180E-01 2  6.881835937500E-01  1.732050800000E-01 2  6.607910156250E-01  1.918956672461E-01 2  6.563476562500E-01  1.948557150000E-01 2  6.428222656250E-01  2.040741494336E-01 2
  6.405273437500E-01  2.056810325000E-01 2  6.338378906250E-01  2.101633905273E-01 2  6.325195312500E-01  2.110936912500E-01 2  6.293457031250E-01  2.132080110742E-01 2  6.286132812500E-01  2.138000206250E-01 2  6.270996093750E-01  2.147303213477E-01 2  6.266601562500E-01  2.151531853125E-01 2
  6.260253906250E-01  2.155760492773E-01 2  6.252929687500E-01  2.165063500000E-01 2  6.282226562500E-01  2.192126793750E-01 2  6.311035156250E-01  2.216652903711E-01 2  6.313476562500E-01  2.219190087500E-01 2  6.373535156250E-01  2.270779491211E-01 2  6.375976562500E-01  2.273316675000E-01 2
  6.499023437500E-01  2.381569850000E-01 2  6.650494943298E-01  2.513780920385E-01 2  6.747070312500E-01  2.598076200000E-01 3  6.889028720083E-01  2.721983814953E-01 3  7.243164062500E-01  3.031088900000E-01 2  7.256347656250E-01  3.042083363086E-01 2  7.274414062500E-01  3.058152193750E-01 2
  7.288574218750E-01  3.070838112695E-01 2  7.290039062500E-01  3.071683840625E-01 2
    1    0    0    0    0    0
  7.562338895331E-01  2.112351707307E-01 0.2400000   40.8096    221                                                                                                  
   -1   27    0    0    0    0
  6.952148437500E-01  1.691455859375E-01 3  6.967773437500E-01  1.704987506250E-01 2  6.999023437500E-01  1.732050800000E-01 2  7.001464843750E-01  1.734587983789E-01 2  7.479762048850E-01  2.146780988556E-01 2  7.500976562500E-01  2.165063500000E-01 3  7.719422888456E-01  2.353685513520E-01 3
  7.997558593750E-01  2.593847560352E-01 2  8.002929687500E-01  2.598076200000E-01 2  8.127929687500E-01  2.706329375000E-01 2  8.247558593750E-01  2.810353910352E-01 2  8.252929687500E-01  2.814582550000E-01 2  8.284179687500E-01  2.841645843750E-01 2  8.309082031250E-01  2.862789041992E-01 2
  8.315429687500E-01  2.868709137500E-01 2  8.331054687500E-01  2.882240784375E-01 2  8.322753906250E-01  2.886469424023E-01 2  8.294433593750E-01  2.891543791602E-01 2  8.238769531250E-01  2.903383982617E-01 2  8.182128906250E-01  2.913532717773E-01 2  7.956542968750E-01  2.955819114258E-01 2
  7.730957031250E-01  2.998105510742E-01 2  7.551757812500E-01  3.031088900000E-01 2  7.505371093750E-01  3.040391907227E-01 2  7.392089843750E-01  3.060689377539E-01 2  7.335449218750E-01  3.070838112695E-01 2  7.307128906250E-01  3.075912480273E-01 2
    1    0    0    0    0    0
  7.971358938788E-01  1.915644674913E-01 0.2400000   65.0811    222                                                                                                  
   -1   12    0    0    0    0
  7.493164062500E-01  1.082531750000E-01 3  7.594726562500E-01  1.299038100000E-01 2  7.797851562500E-01  1.732050800000E-01 2  7.881953130577E-01  1.913075344644E-01 2  7.999023437500E-01  2.165063500000E-01 3  8.015355509615E-01  2.200217492788E-01 3  8.200195312500E-01  2.598076200000E-01 2
  8.250976562500E-01  2.706329375000E-01 2  8.301757812500E-01  2.814582550000E-01 2  8.313476562500E-01  2.841645843750E-01 2  8.327148437500E-01  2.868709137500E-01 2  8.334960937500E-01  2.882240784375E-01 2
    1    2    0    0    3    0
  8.458981762580E-01  1.268648648649E-01 3  8.134777923237E-01  1.587278279010E-01 2
  8.462772199481E-01  1.068648648649E-01 0.2400000    0.0000    223                                                                                                  
   -1   10    0    0    0    0
  7.499023437500E-01  1.082531750000E-01 3  7.749023437500E-01  1.299038100000E-01 2  7.750488281250E-01  1.299883827930E-01 2  8.000976562500E-01  1.515544450000E-01 2  8.248535156250E-01  1.729513616211E-01 2  8.250976562500E-01  1.732050800000E-01 2  8.502929687500E-01  1.948557150000E-01 2
  8.627929687500E-01  2.056810325000E-01 2  8.690429687500E-01  2.110936912500E-01 2  8.723632812500E-01  2.138000206250E-01 2
    1    2    0    0    3    0
  8.290591987430E-01  8.632432432432E-02 3  8.172074947234E-01  1.566649398759E-01 2
  8.192501929211E-01  6.632432432432E-02 0.2400000    0.0000    224                                                                                                  
   -1   13    0    0    0    0
  7.432617187500E-01  8.930886937500E-02 3  7.459960937500E-01  9.201519875000E-02 2  7.479003906250E-01  9.379122740234E-02 2  7.516601562500E-01  9.742785750000E-02 2  7.619628906250E-01  1.073228742773E-01 2  7.854492187500E-01  1.299038100000E-01 2  8.079101562500E-01  1.515544450000E-01 2
  8.182128906250E-01  1.614494617773E-01 2  8.303710937500E-01  1.732050800000E-01 2  8.528320312500E-01  1.948557150000E-01 2  8.641601562500E-01  2.056810325000E-01 2  8.698242187500E-01  2.110936912500E-01 2  8.725585937500E-01  2.138000206250E-01 2
    1    0    0    0    0    0
  5.119016853928E-01  3.050857932007E-01 0.2400000  -80.1560    225                                                                                                  
   -1   13    0    0    0    0
  5.270507812500E-01  2.489823025000E-01 3  5.264648437500E-01  2.598076200000E-01 2  5.263183593750E-01  2.620910854102E-01 2  5.243795841502E-01  2.791798652773E-01 2  5.241210937500E-01  2.814582550000E-01 3  5.214355468750E-01  2.969350761133E-01 3  5.202148437500E-01  3.031088900000E-01 3
  5.185940147293E-01  3.102957269968E-01 3  5.153320312500E-01  3.247595250000E-01 2  5.144042968750E-01  3.280578639258E-01 2  5.139648437500E-01  3.301721837500E-01 2  5.134277343750E-01  3.317790668164E-01 2  5.131835937500E-01  3.328785131250E-01 2
    2    0    0    0    0    0
  5.745420801087E-01  2.866505085414E-01 0.2000000   25.6204    7*LIQUID                                                                                             
  6.341009030508E-01  3.134506913216E-01 0.2000000    0.0000    4Gehl                                                                                                
    1    0    0    0    0    0
  5.835533147049E-01  3.222253214718E-01 0.2000000   16.7892    7*LIQUID                                                                                             
   -1   18    0    0    0    0
  5.295898437500E-01  2.489823025000E-01 3  5.370117187500E-01  2.598076200000E-01 2  5.540039062500E-01  2.814582550000E-01 2  5.743652343750E-01  3.020094436914E-01 2  5.756835937500E-01  3.031088900000E-01 2  5.899414062500E-01  3.139342075000E-01 2  5.958496093750E-01  3.175708375977E-01 2
  6.108398437500E-01  3.247595250000E-01 2  6.129394531250E-01  3.255206801367E-01 2  6.280761718750E-01  3.300876109570E-01 2  6.417480468750E-01  3.321173579883E-01 2  6.667480468750E-01  3.321173579883E-01 2  6.895019531250E-01  3.282270095117E-01 2  7.006835937500E-01  3.247595250000E-01 2
  7.102050781250E-01  3.207846037305E-01 2  7.284667968750E-01  3.091135583008E-01 2  7.290039062500E-01  3.085215487500E-01 2  7.294433593750E-01  3.080986847852E-01 2
   -1   10    0    0    0    0
  8.750976562500E-01  2.165063500000E-01 3  8.750488281250E-01  2.165909227930E-01 2  8.500976562500E-01  2.598076200000E-01 2  8.500488281250E-01  2.598921927930E-01 2  8.375976562500E-01  2.814582550000E-01 2  8.375488281250E-01  2.815428277930E-01 2  8.344726562500E-01  2.868709137500E-01 2
  8.344238281250E-01  2.869554865430E-01 2  8.336914062500E-01  2.882240784375E-01 2  8.336425781250E-01  2.883086512305E-01 2
    1    0    0    0    0    0
  4.974011786663E-01  3.904100721952E-01 0.2400000  -82.3645    228                                                                                                  
   -1    9    0    0    0    0
  5.130371093750E-01  3.338088138477E-01 3  5.129882812500E-01  3.342316778125E-01 2  5.127929687500E-01  3.355848425000E-01 2  5.115722656250E-01  3.448032769336E-01 2  5.112304687500E-01  3.464101600000E-01 2  5.090056932447E-01  3.640565314354E-01 2  5.055664062500E-01  3.897114300000E-01 3
  5.048063487724E-01  3.954385855942E-01 3  4.998535156250E-01  4.327589816211E-01 2
    2    0    0    0    0    0
  5.290033101560E-01  5.046461049115E-01 0.2000000  -60.6988    7*LIQUID                                                                                             
  5.603864130971E-01  4.495117267651E-01 0.2000000  -96.6888    4Anor                                                                                                
    1    0    0    0    0    0
  5.658281823034E-01  4.978112551229E-01 0.2000000  -72.3931    7*LIQUID                                                                                             
   -1   29    0    0    0    0
  5.141601562500E-01  3.342316778125E-01 3  5.153808593750E-01  3.351619785352E-01 2  5.159179687500E-01  3.355848425000E-01 2  5.212402343750E-01  3.398980549414E-01 2  5.290039062500E-01  3.464101600000E-01 2  5.405273437500E-01  3.572354775000E-01 2  5.489746093750E-01  3.662847663477E-01 2
  5.504882812500E-01  3.680607950000E-01 2  5.659179687500E-01  3.897114300000E-01 2  5.711914062500E-01  4.005367475000E-01 2  5.745605468750E-01  4.106009098633E-01 2  5.747070312500E-01  4.113620650000E-01 2  5.772460937500E-01  4.330127000000E-01 2  5.770019531250E-01  4.364801845117E-01 2
  5.739257812500E-01  4.546633350000E-01 2  5.698730468750E-01  4.674338267383E-01 2  5.663085937500E-01  4.763139700000E-01 2  5.459472656250E-01  5.125956981836E-01 2  5.413085937500E-01  5.196152400000E-01 2  5.320800781250E-01  5.318782949805E-01 2  5.243164062500E-01  5.412658750000E-01 2
  5.169433593750E-01  5.489619991602E-01 2  5.135742187500E-01  5.520911925000E-01 2  5.085449218750E-01  5.560661137695E-01 2  4.986816406250E-01  5.606330445898E-01 2  4.925292968750E-01  5.608021901758E-01 2  4.858398437500E-01  5.575038512500E-01 2  4.826660156250E-01  5.545438034961E-01 2
  4.817382812500E-01  5.534443571875E-01 2
    1    0    0    0    0    0
  7.547179137764E-01  3.306293572688E-01 0.2400000   51.8739    230                                                                                                  
   -1   11    0    0    0    0
  7.301757812500E-01  3.085215487500E-01 3  7.333007812500E-01  3.139342075000E-01 2  7.399414062500E-01  3.247595250000E-01 2  7.459551052013E-01  3.324218934264E-01 2  7.569335937500E-01  3.464101600000E-01 3  7.667324479667E-01  3.562848440932E-01 3  7.698730468750E-01  3.591806517383E-01 2
  7.803710937500E-01  3.680607950000E-01 2  7.818847656250E-01  3.691602413086E-01 2  7.840820312500E-01  3.707671243750E-01 2  7.846191406250E-01  3.711899883398E-01 2
   -1   12    0    0    0    0
  8.329101562500E-01  2.895772431250E-01 3  8.328613281250E-01  2.896618159180E-01 2  8.313476562500E-01  2.922835725000E-01 2  8.312988281250E-01  2.923681452930E-01 2  8.250976562500E-01  3.031088900000E-01 2  8.250488281250E-01  3.031934627930E-01 2  8.000976562500E-01  3.464101600000E-01 2
  8.000488281250E-01  3.464947327930E-01 2  7.875976562500E-01  3.680607950000E-01 2  7.875488281250E-01  3.681453677930E-01 2  7.860351562500E-01  3.707671243750E-01 2  7.859863281250E-01  3.708516971680E-01 2
    1    0    0    0    0    0
  4.804457449336E-01  5.078929537419E-01 0.2400000  -81.4870    232                                                                                                  
   -1    9    0    0    0    0
  4.999023437500E-01  4.330127000000E-01 3  4.924571703199E-01  4.816889709007E-01 2  4.895019531250E-01  5.014320895117E-01 3  4.877880462948E-01  5.130365139611E-01 3  4.868164062500E-01  5.196152400000E-01 2  4.843261718750E-01  5.357686434570E-01 2  4.834960937500E-01  5.412658750000E-01 2
  4.817382812500E-01  5.520911925000E-01 2  4.816894531250E-01  5.528523476367E-01 2
    1    0    0    0    0    0
  6.924670502683E-01  4.268842109008E-01 0.2400000  -57.5511    233                                                                                                  
   -1   16    0    0    0    0
  7.777832031250E-01  3.837067616992E-01 3  7.718261718750E-01  3.842141984570E-01 2  7.459960937500E-01  3.897114300000E-01 2  7.293457031250E-01  3.972384085742E-01 2  7.150670058893E-01  4.086855271261E-01 2  7.122558593750E-01  4.109392010352E-01 3  7.118164062500E-01  4.113620650000E-01 3
  6.990722656250E-01  4.314058169336E-01 3  6.983398437500E-01  4.330127000000E-01 3  6.979245877670E-01  4.349306852201E-01 3  6.936523437500E-01  4.546633350000E-01 2  6.945800781250E-01  4.669263899805E-01 2  6.975585937500E-01  4.763139700000E-01 2  7.073730468750E-01  4.890844617383E-01 2
  7.125976562500E-01  4.925519462500E-01 2  7.147949218750E-01  4.938205381445E-01 2
   -1   12    0    0    0    0
  7.782226562500E-01  3.842987712500E-01 3  7.781738281250E-01  3.843833440430E-01 2  7.750976562500E-01  3.897114300000E-01 2  7.750488281250E-01  3.897960027930E-01 2  7.500976562500E-01  4.330127000000E-01 2  7.500488281250E-01  4.330972727930E-01 2  7.250976562500E-01  4.763139700000E-01 2
  7.250488281250E-01  4.763985427930E-01 2  7.188476562500E-01  4.871392875000E-01 2  7.187988281250E-01  4.872238602930E-01 2  7.157226562500E-01  4.925519462500E-01 2  7.156738281250E-01  4.926365190430E-01 2
   -1   14    0    0    0    0
  7.149414062500E-01  4.939051109375E-01 3  7.148925781250E-01  4.939896837305E-01 2  7.141601562500E-01  4.952582756250E-01 2  7.141113281250E-01  4.953428484180E-01 2  7.125976562500E-01  4.979646050000E-01 2  7.125488281250E-01  4.980491777930E-01 2  7.000976562500E-01  5.196152400000E-01 2
  7.000488281250E-01  5.196998127930E-01 2  6.875976562500E-01  5.412658750000E-01 2  6.875488281250E-01  5.413504477930E-01 2  6.844726562500E-01  5.466785337500E-01 2  6.844238281250E-01  5.467631065430E-01 2  6.836914062500E-01  5.480316984375E-01 2  6.836425781250E-01  5.481162712305E-01 2
    1    0    0    0    0    0
  4.611804565583E-01  6.540135709218E-01 0.2400000  -84.2780    236                                                                                                  
   -1   17    0    0    0    0
  4.815429687500E-01  5.534443571875E-01 3  4.813476562500E-01  5.547975218750E-01 2  4.811035156250E-01  5.572501328711E-01 2  4.809570312500E-01  5.575038512500E-01 2  4.804199218750E-01  5.614787725195E-01 2  4.801757812500E-01  5.629165100000E-01 2  4.792480468750E-01  5.702743429883E-01 2
  4.745117187500E-01  6.062177800000E-01 2  4.721031764921E-01  6.272774143515E-01 2  4.704589843750E-01  6.416537802539E-01 3  4.687417872095E-01  6.587912564266E-01 3  4.653320312500E-01  6.928203200000E-01 2  4.635742187500E-01  7.144709550000E-01 2  4.634277343750E-01  7.160778380664E-01 2
  4.618164062500E-01  7.361215900000E-01 2  4.588867187500E-01  7.794228600000E-01 2  4.579589843750E-01  7.932082252539E-01 2
    1    0    0    0    0    0
  5.622099161163E-01  6.108188574944E-01 0.2400000  -35.0231    237                                                                                                  
   -1   18    0    0    0    0
  6.822753906250E-01  5.484545624023E-01 3  6.805664062500E-01  5.493848631250E-01 2  6.799316406250E-01  5.498077270898E-01 2  6.752929687500E-01  5.520911925000E-01 2  6.702636718750E-01  5.547129490820E-01 2  6.551757812500E-01  5.629165100000E-01 2  6.324707031250E-01  5.758561473242E-01 2
  5.953613281250E-01  5.981833646680E-01 2  5.896875595744E-01  6.017879564013E-01 2  5.827148437500E-01  6.062177800000E-01 3  5.635254879563E-01  6.196658496802E-01 3  5.313476562500E-01  6.495190500000E-01 2  5.276855468750E-01  6.541705536133E-01 2  5.172851562500E-01  6.711696850000E-01 2
  5.151855468750E-01  6.758211886133E-01 2  5.147460937500E-01  6.765823437500E-01 2  5.137207031250E-01  6.786966635742E-01 2  5.135742187500E-01  6.792886731250E-01 2
   -1   30    0    0    0    0
  6.829101562500E-01  5.493848631250E-01 3  6.828613281250E-01  5.494694359180E-01 2  6.813476562500E-01  5.520911925000E-01 2  6.812988281250E-01  5.521757652930E-01 2  6.750976562500E-01  5.629165100000E-01 2  6.750488281250E-01  5.630010827930E-01 2  6.500976562500E-01  6.062177800000E-01 2
  6.500488281250E-01  6.063023527930E-01 2  6.000976562500E-01  6.928203200000E-01 2  6.000488281250E-01  6.929048927930E-01 2  5.500976562500E-01  7.794228600000E-01 2  5.500488281250E-01  7.795074327930E-01 2  5.250976562500E-01  8.227241300000E-01 2  5.250488281250E-01  8.228087027930E-01 2
  5.125976562500E-01  8.443747650000E-01 2  5.125488281250E-01  8.444593377930E-01 2  5.094726562500E-01  8.497874237500E-01 2  5.094238281250E-01  8.498719965430E-01 2  5.063476562500E-01  8.552000825000E-01 2  5.062988281250E-01  8.552846552930E-01 2  5.047851562500E-01  8.579064118750E-01 2
  5.047363281250E-01  8.579909846680E-01 2  5.032226562500E-01  8.606127412500E-01 2  5.031738281250E-01  8.606973140430E-01 2  5.024414062500E-01  8.619659059375E-01 2  5.023925781250E-01  8.620504787305E-01 2  5.016601562500E-01  8.633190706250E-01 2  5.016113281250E-01  8.634036434180E-01 2
  5.008789062500E-01  8.646722353125E-01 2  5.008300781250E-01  8.647568081055E-01 2
    1    2    0    0    3    0
  4.336353210812E-01  6.809189189189E-01 3  4.726703510239E-01  7.397683192940E-01 2
  4.138289878357E-01  6.609189189189E-01 0.2400000    0.0000    239                                                                                                  
   -1   16    0    0    0    0
  5.128417968750E-01  6.798806826758E-01 3  5.118164062500E-01  6.806418378125E-01 2  5.117675781250E-01  6.807264106055E-01 2  5.100585937500E-01  6.819950025000E-01 2  5.076660156250E-01  6.844476134961E-01 2  4.989746093750E-01  6.910442913477E-01 2  4.969726562500E-01  6.928203200000E-01 2
  4.834472656250E-01  7.074514131836E-01 2  4.790039062500E-01  7.144709550000E-01 2  4.738769531250E-01  7.341764157617E-01 2  4.737304687500E-01  7.361215900000E-01 2  4.790039062500E-01  7.794228600000E-01 2  4.818847656250E-01  7.913476238086E-01 2  4.844726562500E-01  8.010734950000E-01 2
  4.846191406250E-01  8.014963589648E-01 2  4.852539062500E-01  8.037798243750E-01 2
    1    2    0    0    3    0
  4.499450261381E-01  8.190810810811E-01 3  4.905670416817E-01  7.737601833361E-01 2
  4.272977355892E-01  8.230810810811E-01 0.2400000    0.0000    240                                                                                                  
   -1   14    0    0    0    0
  5.132324218750E-01  6.805572650195E-01 3  5.131835937500E-01  6.806418378125E-01 2  5.129882812500E-01  6.819950025000E-01 2  5.110839843750E-01  6.903677090039E-01 2  5.104492187500E-01  6.928203200000E-01 2  5.075683593750E-01  7.059291029102E-01 2  5.055664062500E-01  7.144709550000E-01 2
  5.006835937500E-01  7.361215900000E-01 2  4.935058593750E-01  7.681746785352E-01 2  4.909179687500E-01  7.794228600000E-01 2  4.864746093750E-01  7.992974663477E-01 2  4.860351562500E-01  8.010734950000E-01 2  4.855957031250E-01  8.031878148242E-01 2  4.854492187500E-01  8.037798243750E-01 2
    1    2    0    0    3    0
  5.449193572108E-01  8.207342553761E-01 3  5.078652861132E-01  7.966085822341E-01 2
  5.489193572108E-01  8.230810810811E-01 0.2400000    0.0000    241                                                                                                  
   -1   20    0    0    0    0
  5.133789062500E-01  6.806418378125E-01 3  5.133300781250E-01  6.807264106055E-01 2  5.131835937500E-01  6.819950025000E-01 2  5.125976562500E-01  6.928203200000E-01 2  5.110839843750E-01  7.120183440039E-01 2  5.108398437500E-01  7.144709550000E-01 2  5.092773437500E-01  7.361215900000E-01 2
  5.061523437500E-01  7.794228600000E-01 2  5.055175781250E-01  7.889795856055E-01 2  5.045898437500E-01  8.010734950000E-01 2  5.030273437500E-01  8.227241300000E-01 2  5.026855468750E-01  8.273756336133E-01 2  5.026367187500E-01  8.281367887500E-01 2  5.022460937500E-01  8.335494475000E-01 2
  5.020019531250E-01  8.370169320117E-01 2  5.018554687500E-01  8.389621062500E-01 2  5.016601562500E-01  8.416684356250E-01 2  5.016113281250E-01  8.417530084180E-01 2  5.014648437500E-01  8.430216003125E-01 2  5.014160156250E-01  8.441210466211E-01 2
    1    2    0    0    3    0
  4.507201998285E-01  8.596216216216E-01 3  4.867359909820E-01  8.221409959105E-01 2
  4.272977355892E-01  8.636216216216E-01 0.2400000    0.0000    242                                                                                                  
   -1   13    0    0    0    0
  4.944335937500E-01  8.430216003125E-01 3  4.942871093750E-01  8.425987363477E-01 2  4.940429687500E-01  8.416684356250E-01 2  4.934570312500E-01  8.389621062500E-01 2  4.922851562500E-01  8.335494475000E-01 2  4.911621093750E-01  8.290670894727E-01 2  4.909179687500E-01  8.281367887500E-01 2
  4.897460937500E-01  8.227241300000E-01 2  4.872070312500E-01  8.118988125000E-01 2  4.868652343750E-01  8.107993661914E-01 2  4.858398437500E-01  8.064861537500E-01 2  4.858886718750E-01  8.064015809570E-01 2  4.856445312500E-01  8.051329890625E-01 2
   -1    2    0    0    0    0
  4.995605468750E-01  8.652642448633E-01 3  4.995605468750E-01  8.653309115300E-01 2
   -1    2    0    0    0    0
  5.000976562500E-01  8.660254000000E-01 3  5.000976562500E-01  8.660920666667E-01 2
    1    2    0    0    3    0
  4.280536157622E-01  7.860825028636E-01 3  4.790448083435E-01  8.151389708193E-01 2
  4.002707085622E-01  7.690270270270E-01 0.2400000    0.0000    245                                                                                                  
   -1    8    0    0    0    0
  4.782714843750E-01  8.283905071289E-01 3  4.801757812500E-01  8.227241300000E-01 2  4.826660156250E-01  8.143514234961E-01 2  4.833007812500E-01  8.118988125000E-01 2  4.846191406250E-01  8.069090177148E-01 2  4.846679687500E-01  8.064861537500E-01 2  4.850585937500E-01  8.051329890625E-01 2
  4.851074218750E-01  8.050484162695E-01 2
    1    0    0    0    0    0
  5.658390962999E-01  2.271184853356E-01 0.2400000  -18.2783    246                                                                                                  
   -1    8    0    0    0    0
  5.288085937500E-01  2.476291378125E-01 3  5.288574218750E-01  2.475445650195E-01 2  5.302246093750E-01  2.472062738477E-01 2  5.407714843750E-01  2.438233621289E-01 2  5.645499800956E-01  2.359693711337E-01 2  5.827636718750E-01  2.299534240820E-01 3  5.947475297046E-01  2.260569572154E-01 3
  6.241210937500E-01  2.165063500000E-01 2
   -1    2    0    0    0    0
  6.248535156250E-01  2.162526316211E-01 3  6.248535156250E-01  2.163192982878E-01 2
    1    0    0    0    0    0
  6.943934892463E-01  1.212398820680E-01 0.2400000  -63.3460    248                                                                                                  
   -1   17    0    0    0    0
  6.948242187500E-01  1.677924212500E-01 3  6.947753906250E-01  1.641557911523E-01 2  6.954101562500E-01  1.515544450000E-01 2  6.991210937500E-01  1.299038100000E-01 2  6.997489421648E-01  1.284036188050E-01 2  7.098632812500E-01  1.082531750000E-01 3  7.115722656250E-01  1.066462919336E-01 3
  7.169864040630E-01  1.023837633823E-01 3  7.163085937500E-01  1.028405162500E-01 2  7.207519531250E-01  1.008953420117E-01 2  7.328613281250E-01  1.002187596680E-01 2  7.405761718750E-01  1.027559434570E-01 2  7.407226562500E-01  1.028405162500E-01 2  7.450683593750E-01  1.051239816602E-01 2
  7.458007812500E-01  1.055468456250E-01 2  7.474121093750E-01  1.064771463477E-01 2  7.479492187500E-01  1.069000103125E-01 2
   -1    2    0    0    0    0
  8.739257812500E-01  2.151531853125E-01 3  8.745605468750E-01  2.157451948633E-01 2
    1    2    0    0    3    0
  7.117553289859E-01  8.193484116929E-02 3  7.424954265438E-01  9.673289051048E-02 2
  6.841365629059E-01  6.632432432432E-02 0.2400000    0.0000    250                                                                                                  
   -1    7    0    0    0    0
  7.424804687500E-01  8.930886937500E-02 3  7.428222656250E-01  9.040831568359E-02 2  7.434570312500E-01  9.201519875000E-02 2  7.452148437500E-01  9.742785750000E-02 2  7.479980468750E-01  1.047856904883E-01 2  7.483398437500E-01  1.055468456250E-01 2  7.489257812500E-01  1.069000103125E-01 2
   -1   10    0    0    0    0
  7.852539062500E-01  3.721202890625E-01 3  7.852050781250E-01  3.722048618555E-01 2  7.844726562500E-01  3.734734537500E-01 2  7.844238281250E-01  3.735580265430E-01 2  7.813476562500E-01  3.788861125000E-01 2  7.812988281250E-01  3.789706852930E-01 2  7.797851562500E-01  3.815924418750E-01 2
  7.797363281250E-01  3.816770146680E-01 2  7.790039062500E-01  3.829456065625E-01 2  7.789550781250E-01  3.830301793555E-01 2
    1    2    0    0    3    0
  5.314879142573E-01  8.641570316323E-01 3  5.040876280019E-01  8.512196575445E-01 2
  5.354879142573E-01  8.636216216216E-01 0.2400000    0.0000    252                                                                                                  
   -1    8    0    0    0    0
  5.006835937500E-01  8.538469178125E-01 3  5.007324218750E-01  8.537623450195E-01 2  5.008789062500E-01  8.524937531250E-01 2  5.009277343750E-01  8.513943068164E-01 2  5.010742187500E-01  8.497874237500E-01 2  5.012695312500E-01  8.470810943750E-01 2  5.013183593750E-01  8.466582304102E-01 2
  5.012695312500E-01  8.457279296875E-01 2
    1    2    0    0    3    0
  4.632322428350E-01  9.001621621622E-01 3  4.982897747473E-01  8.602088139949E-01 2
  4.408933196627E-01  9.041621621622E-01 0.2400000    0.0000    253                                                                                                  
   -1    5    0    0    0    0
  5.002929687500E-01  8.592595765625E-01 3  5.004394531250E-01  8.586675670117E-01 2  5.004882812500E-01  8.579064118750E-01 2  5.004882812500E-01  8.565532471875E-01 2  5.005371093750E-01  8.561303832227E-01 2
    1    2    0    0    3    0
  5.374291031063E-01  9.001621621622E-01 3  4.981102329969E-01  8.523493169565E-01 2
  5.354879142573E-01  9.041621621622E-01 0.2400000    0.0000    254                                                                                                  
   -1    6    0    0    0    0
  4.950195312500E-01  8.457279296875E-01 3  4.954101562500E-01  8.470810943750E-01 2  4.953613281250E-01  8.471656671680E-01 2  4.959960937500E-01  8.497874237500E-01 2  4.965820312500E-01  8.524937531250E-01 2  4.969726562500E-01  8.538469178125E-01 2
   -1    2    0    0    0    0
  5.277832031250E-01  2.483902929492E-01 3  5.277832031250E-01  2.484569596159E-01 2
   -1    2    0    0    0    0
  5.000976562500E-01  8.619659059375E-01 3  5.002441406250E-01  8.610356052148E-01 2
    1    2    0    0    3    0
  4.942726388643E-01  9.001621621622E-01 3  4.976249236649E-01  8.610834864966E-01 2
  4.814338602032E-01  9.041621621622E-01 0.2400000    0.0000    257                                                                                                  
   -1    3    0    0    0    0
  4.975097656250E-01  8.562995288086E-01 3  4.979492187500E-01  8.579064118750E-01 2  4.981445312500E-01  8.592595765625E-01 2
   -1    2    0    0    0    0
  5.000488281250E-01  8.634036434180E-01 3  5.000488281250E-01  8.634703100847E-01 2
   -1    2    0    0    0    0
  4.985839843750E-01  8.608664596289E-01 3  4.987304687500E-01  8.619659059375E-01 2
