 222222222222222222222222222222222222222222222222222222222222222222222222222222222222222222222222222222
 222222222222222222222222222222222222222222222222222222222222222222222222222222222222222222222222222222
 220000000000000000000000000000000000000000000000000000000000000000000000000000000000000000000000000022
 220000000000000000000000000000000000000000000000000000000000000000000000000000000000000000000000000022
 220000000000000000000000000000000000000000000000000000000000000000000000000000000000000000000000000022
 220000000000000000000000000000000000000000000000000000000000000000000000000000000000000000000000000022
 220000000000000000000000000000000000000000000000000000000000000000000000000000000000000000000000000022
 220000000000000000000000000000000000000000000000000000000000000000000000000000000000000000000000000022
 220000000000000000000000000000000000000000000000000000000000000000000000000000000000000000000000000022
 220000000000000000000000000000000000000000000000000000000000000000000000000000000000000000000000000022
 220000000000000000000000000000000000000000000000000000000000000000000000000000000000000000000000000022
 220000000000000000000000000000000000000000000000000000000000000000000000000000000000000000000000000022
 220000000000000000000000000000000000000000000000111111000000000000000000000000000000000000000000000022
 220000000000000000000000000000000000000000000000122221000000000000000000000000000000000000000000000022
 220000000000000000000000000000000000000000000000123321000000000000000000000000000000000000000000000022
 220000000000000000000000000000000000000000000000123321000000000000000000000000000000000000000000000022
 220000000000000000000000000000000000000000000011233332100000000000000000000000000000000000000000000022
 220000000000000000000000000000000000000000000012233333210000000000000000000000000000000000000000000022
 220000000000000000000000000000000000000000000012333323210000000000000000000000000000000000000000000022
 220000000000000000000000000000000000000000001112332323321000000000000000000000000000000000000000000022
 220000000000000000000000000000000000000000001223232322321000000000000000000000000000000000000000000022
 220000000000000000000000000000000000000000001233232321232100000000000000000000000000000000000000000022
 220000000000000000000000000000000000000000001232333321232100000000000000000000000000000000000000000022
 220000000000000000000000000000000000000000012332323321123210000000000000000000000000000000000000000022
 220000000000000000000000000000000000000000012333323321123321000000000000000000000000000000000000000022
 220000000000000000000000000000000000000000123223323321012321000000000000000000000000000000000000000022
 220000000000000000000000000000000000000001233223323321012332100000000000000000000000000000000000000022
 220000000000000000000000000000000000000001232123322321001232100000000000000000000000000000000000000022
 220000000000000000000000000000000000000012332123322332100123210000000000000000000000000000000000000022
 220000000000000000000000000000000000000012321123332332100123321000000000000000000000000000000000000022
 220000000000000000000000000000000000000123210123232332100012321000000000000000000000000000000000000022
 220000000000000000000000000000000000000123210123223332100012332100000000000000000000000000000000000022
 220000000000000000000000000000000000001232100123212332100001232100000000000000000000000000000000000022
 220000000000000000000000000000000000012332100123211232100001233210000000000000000000000000000000000022
 220000000000000000000000000000000000012321000123211233210000123210000000000000000000000000000000000022
 220000000000000000000000000000000000123321000123211123210000012321000000000000000000000000000000000022
 220000000000000000000000000000000000123210000123321012321000012332100000000000000000000000000000000022
 220000000000000000000000000000000001232100000012321001232110001232100000000000000000000000000000000022
 220000000000000000000000000000000001232100000012321000123221101233210000000000000000000000000000000022
 220000000000000000000000000000000012321000000012321000012332210123210000000000000000000000000000000022
 220000000000000000000000000000000123321000000012321000001233321112321000000000000000000000000000000022
 220000000000000000000000000000000123210000000012321000000122332212321000000000000000000000000000000022
 220000000000000000000000000000001233210000000012321000000011223322232100000000000000000000000000000022
 220000000000000000000000000000001232100000000012322110000000112333233210000000000000000000000000000022
 220000000000000000000000000000012321000000000012333221000000001223323211000000000000000000000000000022
 220000000000000000000000000000012321000000000001232332100000000112233321000000000000000000000000000022
 220000000000000000000000000000123210000000000012332233210000000001123321000000000000000000000000000022
 220000000000000000000000000001233210000000000123232123321000000000012232100000000000000000000000000022
 220000000000000000000000000001232100000000001232232112321000000000011232100000000000000000000000000022
 220000000000000000000000000012332100000000012332232101232100000000000123211000000000000000000000000022
 220000000000000000000000000012321000000000123321232101233210000000000123321000000000000000000000000022
 220000000000000000000000000123210000000001233210123210123210000000000123321000000000000000000000000022
 220000000000000000000000001233210000000012332100123210123321000000000123332100000000000000000000000022
 220000000000000000000000001232100000000123321000123210012321000000001233232100000000000000000000000022
 220000000000000000000000012332100000000123210000123210012332100000001232123210000000000000000000000022
 220000000000000000000000012321000000001232100000123210001232100000001232123321000000000000000000000022
 220000000000000000000000123210000000012321000000123210001232100000001232112321000000000000000000000022
 220000000000000000000000123210000000123321000000123210001232100000001232112332100000000000000000000022
 220000000000000000000001232100000001233210000001233321001232100000000123211232100000000000000000000022
 220000000000000000000012332100000012332100000012332321001232100000000123321123210000000000000000000022
 220000000000000000000012321000000012321000001123322321001232100000000012332223211000000000000000000022
 220000000000000000000123321000000123210000012233322321012321000000000001233322321100000000000000000022
 220000000000000000000123210000001232100000123333212321012321000000000000122333322100000000000000000022
 220000000000000000001232100000012321000001233332112321123210000000000000011222232100000000000000000022
 220000000000000000001232100000123321000012332321012321233210000000000000000112333210000000000000000022
 220000000000000000012321000001233210000123323210012332332100000111111000000123223210000000000000000022
 220000000000000000123321000012332100001233232100001233321000011222222111101232112321000000000000000022
 220000000000000000123210000123321000012322332100012333210001122333333222212332112321000000000000000022
 220000000000000001233210000123210001123223321000123332100012233322222333323321001232100000000000000022
 220000000000000001232100001232100012232123210001233232100123332211111222333222111233210000000000000022
 220000000000000012321000012321000123321232100012332233211233221100000111233333222223211000000000000022
 220000000000000123321000123210001233212321000123321123212332110000000122322222333333321000000000000022
 220000000000000123210001233210012332123321001233210123223321000000001233211111222223321000000000000022
 220000000000001233210012332101123321233210012332100123233210000000012332100000111233232100000000000022
 220000000000001232100123321012233211232100123321000123332100000000123321000000122323232100000000000022
 220000000000012332101233210123332112321001233210001123322110000001233210000001233333223210000000000022
 220000000000012321012332101233221123210012332100012233333221111012332100000012332232123321000000000022
 220000000000123210012321012332111232101123221001123333223332222123221000000123322321012321100000000022
 220000000001233210123210123321012332112232110012233332112223333232110000001233212321012332100000000022
 220000000001232101233211233210123321123321001123333321001112223332110000012332123210012332100000000022
 220000000012332112332112322101233211233210012233233210000011233333221000123221123210123333210000000022
 220000000012321123321123211001232112332101123322232100000122323323332111232111233211233323321000000022
 220000000123211233212232100012321123321012233212332100001233232322233222321001232112333212321000000022
 220000000123212332123321000123211233211123322123321000112332232321122333210012332123323212332100000022
 220000001232112321233210001233222332112233211233210001223222323321012332100012321233232101232100000022
 220000012332123212332100012332233321123322101232100012332123323210012332100123322332332100123210000022
 220000012321232123321000012322332212233211012321001123321123223210123232100123233322321000123210000022
 220000123322322233210000123223321123322100123321012232211233223211232232100123333223321000012321000022
 220000123223323332100001232233212233211001233211123321101232123212332233211233332123210000012332100022
 220001232233233221000012322332223322100012332112233210012321123223321123222233321232100000001232100022
 220001232332332110000123323322333211000012321123322100012321123233210123333333211232100000001233210022
 220012323323321000001233233223322100000123321233211000123210123332100002222332112321000000000123210022
 220123323233210000001232332333211000001233222332100001233211233221000001123321123321000000000012321022
 220123232322100000012323323322100000012332233221000001232122333210000001233321123210000000000012321022
 221233323211000000123233332211000000012322332110000012332233223210000001232321233210000000000001232122
 221233332100000001232323321100000000123223321000000012322332123210000012332321232100000000000001233222
 222333321000000012333332210000000001233332210000000123223321123210000123322322321000000000000000123222
 223333210000000123333321100000000012333321100000001233232210123210000123212323321000000000000000123322
 223332100000011123332210000000001123333210000000011233321100123210111232112323210000000000000000012322
 233321000000012233321100000000001223322100000000012333210000123210122332112333210000000000000000001232
 233222222222222332222222222222222233222222222222222332222222223222223322222332222222222222222222222232
 222222222222222222222222222222222222222222222222222222222222222222222222222222222222222222222222222222
